
*****************************
**** PERK-128 ****
*****************************

n: 79   m: 35   Q: 1021   N: 32   tau: 30   Sec: 128 bits   Public key size: 148   Private key size: 164   Signature size: 8345   




### KEYGEN ###

sk_seed: f9c129948d41687478431362ce74a0ab

pi: 0c09362046342c4a2b101f4925061e4d393d4e0a1b1217032802043e213c07010f321c310e2e2d4145233014083a1a37002f0515113b484c26420b134047352a3818161d4b3343243f22192944270d

pk_seed: 91618fe99a8f9420497b246f735b27a0

H: 
  109 965 673 019 237 648 840 373 834 280 902 555 039 299 146 456 798 530 232 752 289 125 495 729 614 744 489 004 561 846 080 945 409 580 474 229 454 434 612 071 732 431 827 855 037 790 461 804 946 396 765 965 478 343 509 278 096 006 782 208 473 655 602 079 726 021 550 533 754 610 170 651 676 329 325 168 367 880 402 
  309 888 726 076 336 979 096 294 657 821 554 445 421 762 209 351 454 1010 081 810 105 511 653 1008 1019 109 821 571 990 486 1009 905 725 973 142 154 937 192 829 110 883 907 687 086 661 245 440 542 110 584 188 243 206 171 016 066 312 896 663 191 227 568 560 627 941 576 215 129 445 526 099 111 525 931 956 046 663 677 412 
  101 293 332 804 804 477 789 1015 109 454 683 738 551 888 131 730 365 008 599 851 010 053 375 440 267 196 959 503 528 260 512 072 005 197 501 526 536 588 080 418 251 895 404 117 353 938 019 616 461 988 072 863 917 522 578 051 045 624 212 135 307 062 409 173 843 451 506 795 800 423 842 887 104 962 003 059 475 193 351 
  463 343 309 1004 643 936 278 828 326 211 205 627 719 032 291 596 544 698 936 463 511 983 243 748 673 1009 283 196 526 931 944 977 953 947 847 344 852 917 339 643 778 846 141 114 265 774 833 696 991 080 230 688 915 134 218 443 279 300 525 595 687 054 457 837 425 199 366 246 559 463 663 057 606 836 192 679 332 432 765 
  584 371 002 513 256 907 1005 618 526 858 765 939 929 380 861 811 871 987 340 608 664 163 237 618 816 139 034 402 017 161 1009 439 463 180 370 774 013 034 986 029 045 629 022 387 651 502 727 417 222 601 619 594 698 395 861 555 478 679 149 714 164 567 613 934 693 498 615 907 381 761 259 414 573 913 481 192 775 599 667 
  172 550 162 705 972 867 716 709 667 780 924 988 683 705 359 429 816 231 778 875 762 123 780 114 441 774 184 107 030 741 438 1018 970 004 768 995 667 192 453 256 668 189 653 961 818 748 209 569 162 769 347 918 334 352 673 489 479 276 612 723 453 012 695 456 414 686 851 291 655 052 691 381 127 888 561 884 675 877 654 
  640 646 038 395 252 809 267 064 144 269 364 774 099 359 847 604 889 865 561 927 077 469 792 330 176 405 003 422 069 160 978 221 013 161 911 404 079 716 746 952 112 863 789 755 405 997 972 701 982 532 680 725 696 158 657 750 944 605 549 753 229 699 202 504 091 490 131 559 268 943 979 261 100 466 498 655 1016 848 686 
  388 690 572 453 737 131 220 928 592 324 772 846 836 902 269 157 1000 212 052 854 850 602 144 704 333 456 938 420 524 535 586 264 929 110 843 101 406 232 058 917 522 137 780 079 867 459 244 826 243 664 386 256 525 112 925 033 516 359 503 445 911 1005 235 308 096 834 653 425 045 896 696 996 195 063 760 859 992 344 280 
  367 684 991 851 012 882 282 337 532 061 108 462 829 737 709 1006 548 862 448 916 916 216 395 039 024 661 009 471 076 245 135 971 591 736 716 259 030 358 559 050 829 914 1017 915 082 413 820 778 331 671 1008 400 284 1014 305 819 910 802 454 240 535 619 270 083 286 334 540 745 315 436 955 356 075 117 995 538 255 082 201 
  881 567 831 236 476 390 208 239 950 142 518 510 132 522 138 052 665 052 009 732 743 277 777 300 080 370 871 432 955 195 798 748 929 240 705 736 035 318 742 674 016 977 666 465 862 935 477 927 994 981 956 500 502 921 147 128 075 551 082 829 958 459 227 155 494 369 267 808 663 641 595 912 281 1014 239 035 572 761 869 
  661 708 570 910 227 462 675 510 837 183 856 315 697 327 170 391 679 351 402 101 722 261 942 931 547 874 330 584 910 144 927 655 850 764 872 984 946 425 148 496 291 467 625 313 587 502 382 209 598 405 961 001 527 728 651 222 797 147 902 148 570 233 237 056 291 191 131 844 300 978 512 336 612 641 478 056 368 050 824 
  376 157 608 070 997 791 161 271 563 570 833 464 573 711 104 380 854 394 643 677 236 631 568 634 699 749 328 878 162 323 628 806 659 354 567 444 089 1018 254 794 1001 602 889 623 851 666 982 466 778 980 336 169 745 836 626 1011 937 698 969 163 344 084 959 252 898 240 226 190 211 866 305 871 537 305 378 176 498 828 390 
  443 453 460 785 885 830 883 390 490 615 528 425 706 799 946 775 993 639 025 782 1007 832 665 510 524 764 187 051 767 105 252 744 190 076 359 036 240 152 668 307 722 963 426 310 1012 120 774 287 627 918 144 493 436 867 133 354 840 695 856 771 295 257 579 854 063 357 1016 940 695 069 891 864 085 545 141 246 005 114 596 
  335 458 674 944 808 208 162 758 610 614 813 915 1015 1011 127 615 882 662 581 669 419 657 027 634 988 493 735 447 258 319 719 914 910 638 185 576 605 325 381 338 766 1008 937 778 227 871 095 908 582 259 856 169 486 072 579 606 312 056 898 524 873 941 582 433 746 968 484 947 911 522 863 125 439 265 726 231 581 1014 248 
  452 374 706 800 700 610 387 370 132 856 177 519 339 771 761 391 928 460 084 184 724 430 902 574 594 985 816 958 982 974 182 000 101 578 570 978 654 363 292 559 213 041 675 510 643 305 355 1012 665 305 892 064 090 974 503 612 765 054 398 091 373 1017 511 581 120 061 226 388 925 300 803 126 228 954 402 354 694 582 255 
  737 838 075 479 826 626 570 915 048 017 515 163 242 162 180 203 666 263 196 157 203 731 227 546 797 392 724 846 885 093 314 259 1019 419 636 852 454 001 016 614 521 266 683 038 303 623 064 964 682 751 001 964 311 785 168 067 389 296 734 531 100 901 666 650 138 536 989 388 383 328 726 817 681 920 655 503 737 407 210 
  189 429 1005 237 089 961 739 460 389 952 290 942 171 104 557 667 666 401 326 711 549 396 257 875 659 886 427 610 051 046 563 430 616 861 739 035 867 280 424 898 555 882 825 069 171 213 121 434 460 680 457 104 406 592 224 1006 695 079 821 544 835 569 030 365 669 740 216 783 003 851 290 274 573 258 029 1015 173 486 638 
  961 703 985 613 022 533 327 955 826 622 577 960 751 772 431 061 716 824 897 337 351 197 304 395 920 941 067 460 848 685 139 033 101 805 338 269 612 502 778 538 346 805 047 624 137 196 601 296 134 388 037 465 178 757 835 055 593 460 562 173 873 471 256 757 253 825 361 772 961 804 543 916 975 302 416 546 639 191 998 
  266 184 392 663 537 928 587 582 494 783 934 333 009 883 681 818 110 700 732 140 640 920 993 691 642 051 955 657 912 623 610 814 383 233 224 739 967 868 892 325 020 162 459 740 896 236 821 949 914 282 312 274 073 353 576 202 145 038 661 364 624 716 501 246 102 688 182 178 759 786 099 719 518 664 124 400 436 648 187 
  483 371 1015 836 423 673 649 151 163 942 585 107 230 453 945 017 720 895 027 668 965 931 457 481 352 484 173 164 243 499 322 1017 002 849 429 975 837 236 748 035 1019 120 164 468 006 583 465 856 950 933 198 118 295 975 948 775 855 135 350 955 416 586 365 378 860 366 432 306 579 137 528 687 713 947 918 290 571 375 600 
  025 663 440 015 423 359 213 552 450 681 216 891 569 121 166 701 484 952 712 743 190 221 013 809 369 084 413 437 345 432 133 730 037 081 724 877 979 922 168 599 979 561 058 137 750 553 494 013 743 636 070 606 120 834 391 589 508 080 447 635 186 891 500 863 076 550 230 950 791 263 466 181 631 819 700 137 848 710 102 
  475 140 819 295 582 087 963 717 609 485 792 973 466 189 581 852 131 839 331 932 647 648 338 549 687 701 719 619 029 164 708 847 908 405 356 780 848 987 504 758 666 863 1009 643 720 274 254 489 875 844 072 959 561 863 296 921 859 831 997 204 044 624 974 870 366 484 936 960 059 145 918 573 246 491 663 096 336 985 056 
  143 368 549 692 883 369 769 676 455 354 787 676 483 224 997 257 926 950 742 234 452 147 1004 995 095 288 591 242 553 455 587 264 828 814 291 713 501 811 900 418 1012 487 696 871 639 450 100 598 754 112 023 087 602 043 160 361 359 262 227 416 134 134 255 352 091 345 426 723 733 566 415 444 411 718 331 896 362 553 921 
  826 654 842 993 395 297 195 351 169 052 064 604 972 264 225 990 309 547 895 607 773 092 089 938 387 012 895 444 379 253 672 189 232 195 282 122 019 234 964 186 959 347 181 487 221 668 453 668 990 670 316 696 503 873 499 595 076 787 661 646 885 167 945 973 546 155 003 713 522 968 821 138 443 1011 406 970 769 307 536 
  170 887 563 154 432 310 720 829 621 792 480 245 687 985 703 356 925 795 841 054 344 841 631 964 387 709 764 789 906 836 795 1010 970 366 049 640 120 422 849 619 218 283 830 813 896 436 871 390 255 929 499 148 184 837 644 953 684 134 281 965 221 009 228 473 462 241 307 655 158 293 971 607 182 162 719 423 462 775 911 
  036 639 888 829 663 349 229 592 689 916 913 211 596 376 856 241 037 304 285 242 055 012 327 909 893 373 316 783 115 301 020 745 928 805 493 163 161 198 846 023 372 814 197 076 172 671 881 437 502 320 119 980 547 107 033 638 691 905 371 764 639 815 867 802 795 994 133 135 1001 413 029 086 769 870 817 672 101 926 076 
  903 866 352 285 589 128 964 792 777 407 421 504 878 281 774 029 412 382 023 389 078 366 710 332 592 056 689 290 042 010 984 153 096 679 347 976 162 484 118 204 823 935 011 362 015 848 272 788 998 527 237 428 622 278 726 793 176 840 976 866 517 673 576 122 091 693 702 054 909 721 183 801 681 948 073 387 295 811 569 
  080 669 860 341 307 846 869 649 367 818 707 135 766 888 866 580 010 238 184 198 045 032 713 855 622 084 005 618 313 044 841 444 913 239 671 714 227 564 783 283 005 529 419 205 537 788 195 748 110 877 237 249 483 376 292 194 483 090 907 824 081 624 749 538 449 032 224 326 753 774 532 765 871 633 295 679 744 939 023 
  302 679 801 533 127 661 629 110 891 275 1008 552 765 475 569 456 875 110 401 151 777 901 415 877 202 024 610 280 925 761 851 149 222 297 778 728 368 518 712 442 456 223 762 366 116 336 053 849 892 014 020 800 376 906 759 369 977 119 042 837 252 227 106 316 264 923 466 540 226 202 986 355 550 549 595 269 774 720 926 
  059 265 127 714 523 114 630 089 552 416 979 810 994 611 461 353 248 967 776 732 967 468 764 497 074 559 180 937 355 857 656 456 389 192 944 055 876 770 408 1002 215 760 478 572 245 066 278 459 076 762 294 427 647 869 1016 937 067 390 157 824 987 287 264 028 034 388 543 480 420 997 552 564 373 525 876 220 596 315 283 
  097 252 041 974 596 696 520 333 676 1014 430 008 261 117 314 416 126 904 888 900 416 625 409 064 236 245 664 172 411 773 779 300 199 063 622 555 673 074 361 003 820 638 898 375 473 282 380 480 717 014 816 929 102 462 749 137 828 038 316 616 445 976 216 117 537 663 995 712 907 607 006 600 814 735 285 663 088 354 559 
  409 535 945 168 029 462 864 719 576 702 144 351 512 118 888 507 047 464 971 965 1010 623 894 481 066 521 518 592 512 339 053 699 031 456 713 628 687 138 927 911 071 908 974 708 744 630 151 095 1007 706 858 165 500 478 910 439 470 015 312 802 269 760 467 365 261 140 501 645 759 021 489 408 382 160 283 552 488 198 403 
  512 097 595 622 710 485 552 144 267 022 398 626 683 817 314 731 753 381 109 848 813 277 127 962 789 622 626 703 060 450 980 069 597 589 778 350 981 185 419 412 782 158 489 053 448 788 556 196 808 717 561 161 1017 881 278 816 259 593 717 1008 912 059 383 305 612 297 042 721 454 060 644 258 427 792 159 091 294 459 718 
  604 003 206 980 221 191 106 724 878 912 551 265 608 761 643 692 581 678 011 433 269 613 208 622 481 111 994 111 854 888 108 637 120 069 1008 534 541 548 983 297 781 827 560 940 815 524 852 195 475 141 473 137 550 496 919 520 118 511 1004 171 144 770 453 197 328 231 131 962 523 277 535 983 418 046 054 329 281 436 645 
  814 934 387 788 427 610 965 652 376 780 896 591 221 583 605 003 295 091 197 505 848 359 802 190 218 693 729 405 478 380 697 173 814 496 068 551 148 084 922 889 619 375 142 359 1014 200 098 127 168 399 820 797 935 473 709 229 623 695 134 662 493 763 732 917 971 857 906 288 852 129 173 667 543 971 907 222 681 440 197 


x
 x_1: 109 965 673 019 237 648 840 373 834 280 902 555 039 299 146 456 798 530 232 752 289 125 495 729 614 744 489 004 561 846 080 945 409 580 474 229 454 434 612 071 732 431 827 855 037 790 461 804 946 396 765 965 478 343 509 278 096 006 782 208 473 655 602 079 726 021 550 533 754 610 170 651 676 329 325 168 367 880 402 
 x_2: 309 888 726 076 336 979 096 294 657 821 554 445 421 762 209 351 454 1010 081 810 105 511 653 1008 1019 109 821 571 990 486 1009 905 725 973 142 154 937 192 829 110 883 907 687 086 661 245 440 542 110 584 188 243 206 171 016 066 312 896 663 191 227 568 560 627 941 576 215 129 445 526 099 111 525 931 956 046 663 677 412 
 x_3: 101 293 332 804 804 477 789 1015 109 454 683 738 551 888 131 730 365 008 599 851 010 053 375 440 267 196 959 503 528 260 512 072 005 197 501 526 536 588 080 418 251 895 404 117 353 938 019 616 461 988 072 863 917 522 578 051 045 624 212 135 307 062 409 173 843 451 506 795 800 423 842 887 104 962 003 059 475 193 351 


y
 y_1: 453 279 668 045 316 325 363 241 948 459 784 152 207 756 226 1009 814 731 960 999 020 848 589 1004 075 405 360 664 774 638 102 919 700 221 454 
 y_2: 131 390 365 641 200 008 734 971 366 285 822 288 706 794 362 101 049 424 907 638 332 903 865 008 141 006 451 098 971 321 528 424 067 912 467 
 y_3: 563 749 444 833 010 882 377 442 154 894 684 650 946 932 204 726 172 838 772 1001 344 1012 574 654 228 478 807 505 372 183 687 479 311 811 172 


pk: 91618fe99a8f9420497b246f735b27a0c55dc4690b3c15b5563cb42f073126cfd02b4efc2e6f0bfcf91440dd24fb4b548616a606fb69c6e5bc7663dc2086b51528320878bbbc5b1dd90c92b01aab55460ca82dee275387878d4023060c27c6f2414188da10904f3763bbbc05ad80dc79e9a689dfac2a2a3be9cc58cb8ad104a78f15fd3e3a4a8e7727e747d72daf7e77d3caac00

sk: f9c129948d41687478431362ce74a0ab91618fe99a8f9420497b246f735b27a0c55dc4690b3c15b5563cb42f073126cfd02b4efc2e6f0bfcf91440dd24fb4b548616a606fb69c6e5bc7663dc2086b51528320878bbbc5b1dd90c92b01aab55460ca82dee275387878d4023060c27c6f2414188da10904f3763bbbc05ad80dc79e9a689dfac2a2a3be9cc58cb8ad104a78f15fd3e3a4a8e7727e747d72daf7e77d3caac00



### SIGN ###

message m: 0000000000000000000000000000000000000000000000000000000000000000

mseed: 9b4e441bd6a749877799fb711d6d1f45

salt: 5e2cab5b5766a64515d7c7ad3eb675c0fd08eebbebbe669bae6001865438d89e

 Round 01: 
  theta: d13f8022fec1a404ee3f782351963105
  cmt_1: 7ab149ffa0271d5b40f2ffd1dd27ac708792cce9be59ff3ff957692fd7e8c2d7
  v: 961 868 131 369 957 204 375 470 905 823 783 774 117 159 146 79 910 654 297 586 175 527 213 457 1015 283 365 376 235 101 751 216 1014 125 319 153 111 300 947 1019 814 65 367 247 599 907 873 570 561 572 279 294 61 149 1016 76 668 666 955 654 830 399 767 200 522 620 218 354 648 424 258 413 205 805 412 344 720 114 465 

 Round 02: 
  theta: 64f71dbb0a743ca41db79cf422a29ff2
  cmt_1: a860451ab7ef920d8cf5390ccce19c8e59e81bcd404db873d7f198d73e58776a
  v: 964 753 406 388 543 244 42 100 482 11 1012 851 852 591 598 767 780 659 459 951 106 667 468 240 294 333 157 979 537 1015 334 47 209 508 838 405 85 377 407 971 318 613 60 371 300 572 402 574 217 859 146 944 313 781 499 461 7 711 87 238 915 911 36 991 771 867 105 576 668 525 947 650 314 686 491 1004 281 844 272 

 Round 03: 
  theta: ecb9388bd5e87b3aef17b9d185a1c0f9
  cmt_1: d5c0d1943729c75e0887d5fdedd741fe72d13c775f953b297b83f5d96ba48558
  v: 506 742 391 832 591 835 161 3 109 727 21 7 795 459 786 440 381 373 199 57 474 49 930 574 159 666 28 788 725 905 70 603 997 880 826 325 788 909 222 588 862 46 224 689 458 742 276 753 722 149 200 613 216 124 61 429 200 180 885 312 26 602 664 598 986 8 284 52 510 646 679 243 488 751 382 663 632 1009 996 

 Round 04: 
  theta: dbc243ef2c0cf0d24329be9e738b4f17
  cmt_1: ce335820c84a4a06c033fa6bb755c46f95a750fa6e7a7510fea4229f8f76d5c7
  v: 669 195 215 299 983 700 623 765 690 686 409 84 429 979 126 721 568 940 437 772 781 687 301 70 358 504 315 975 833 120 929 816 944 763 521 581 622 803 315 587 891 630 31 37 910 339 379 414 431 450 282 212 758 293 192 843 952 128 346 743 172 957 115 850 753 996 13 219 847 28 318 923 961 112 434 951 548 325 175 

 Round 05: 
  theta: ea85653c35c8518679c0508a38165eb3
  cmt_1: 04bb0cc945fca8812d1b43f4b1e7c7e99186ea5cf992d97a4778b78f984d7565
  v: 565 223 367 150 830 865 170 7 775 348 93 798 132 570 485 265 712 980 702 73 738 693 215 888 915 590 225 784 836 98 704 329 196 890 860 548 37 748 121 393 799 689 620 562 301 411 631 250 251 635 377 760 298 1 266 202 480 108 540 736 1013 462 78 51 882 916 20 828 525 13 808 66 148 541 47 996 757 74 0 

 Round 06: 
  theta: 782cdf9ef19bb95c5f12e232fc90459d
  cmt_1: 37a3847afd36e9ced01e83ddd6e2bc03c63875eb005714f9ccdc046bbcaffb0e
  v: 89 191 789 675 607 496 226 639 269 452 1 970 327 87 917 84 813 243 409 592 933 124 154 911 232 736 325 597 498 74 616 231 732 580 322 559 125 322 407 438 548 378 60 870 71 31 526 574 862 411 632 882 78 349 347 784 852 487 285 225 675 523 402 97 489 955 941 797 907 406 965 378 629 279 444 176 10 831 777 

 Round 07: 
  theta: 8c7379ef25b73d091fa613345ddba229
  cmt_1: 1f782cc9530760d01a8c5d4bf5011c815ed5c6989194f152a173f87942c2fd23
  v: 192 35 932 669 179 15 683 758 749 397 501 309 423 475 296 740 89 169 876 340 172 572 99 109 356 754 3 271 559 914 491 727 317 184 164 672 547 385 152 322 855 762 794 32 171 690 663 867 982 921 631 128 453 31 89 989 860 208 533 916 1005 750 748 687 745 449 109 810 356 807 1007 384 433 607 160 792 1006 762 571 

 Round 08: 
  theta: e235c042bdd412ecc6baae77f7bfed1c
  cmt_1: 0075ae7320e147b93099cc552baf2d14ab70d265fbcdcca0026551b183e17d9e
  v: 657 178 420 59 111 409 253 139 62 695 128 60 619 320 926 32 346 370 712 970 216 392 809 463 852 649 840 671 517 248 197 205 559 745 892 820 321 9 135 454 76 483 982 685 361 259 42 723 321 854 918 835 27 831 868 836 503 374 777 985 694 972 12 716 845 987 305 700 411 711 265 316 528 421 865 822 678 37 753 

 Round 09: 
  theta: 560a6aafda8d4b62fd8c92b57400a0eb
  cmt_1: 92ccf7beeb88933c1aa4ebf095701a05c6a1d6e90a1e9ab6740fbca17eebe375
  v: 227 113 368 41 1018 72 15 77 225 141 184 482 577 802 325 303 176 970 263 546 34 474 780 803 861 482 397 347 8 546 305 775 445 976 725 213 419 949 433 913 77 93 576 330 688 684 788 856 431 118 283 442 252 844 613 483 918 846 397 820 407 268 684 417 267 677 658 89 77 653 196 216 419 38 306 626 794 394 244 

 Round 10: 
  theta: 8d15df35f2703ff89a8f56ff85f84e04
  cmt_1: 246487b070fdeb6e367d46e127972c1056b1cfd66e99ee7a3b0a2881c4a08582
  v: 764 267 752 257 485 827 708 51 160 396 636 79 149 207 821 338 337 157 369 871 865 266 103 153 239 829 279 376 0 764 585 719 335 517 562 967 727 403 134 594 574 855 336 809 788 223 50 904 1014 46 413 615 947 960 952 36 554 701 442 1 888 83 582 386 406 1002 81 569 516 865 724 891 756 125 793 865 448 538 1009 

 Round 11: 
  theta: e51d2f7f6d118f007ed0cfae5d693095
  cmt_1: 48ebbed0b000e5058e48ac988f5b1bee07c0542bee9578f1b76e4805cb90ca3f
  v: 266 514 262 433 469 651 220 178 719 180 69 406 928 11 680 807 431 961 450 959 231 391 259 167 268 887 896 126 352 407 549 401 105 861 434 630 169 474 825 496 487 899 27 613 520 910 437 27 321 298 667 56 470 41 769 933 254 623 741 448 313 146 746 624 387 906 677 620 248 237 413 64 506 583 164 389 587 690 859 

 Round 12: 
  theta: e9012ef8fcb0bbf35d6d8ae10563c1e0
  cmt_1: 679914c77ebd05cca5e1eeabce0aae2f1b280b273bf48cd866013ed170d44bba
  v: 194 318 234 999 988 853 185 325 34 313 980 70 909 893 347 614 58 900 879 593 356 973 874 369 509 876 128 1016 561 980 981 1 363 841 891 782 528 504 999 993 507 73 604 618 582 581 789 985 487 845 618 399 305 739 927 717 752 301 802 988 531 382 956 493 769 40 494 966 1010 465 735 267 1014 565 260 875 843 809 157 

 Round 13: 
  theta: c25902dcc6bfc5149f5d25c7bff1682d
  cmt_1: 684aa90a5d547cbf0cf9530ce4f610e4a188d93f165f41051dc5008aeb2d6754
  v: 602 603 334 412 114 482 394 322 912 859 248 715 337 912 70 444 266 6 755 751 336 577 800 818 741 179 163 258 435 432 799 59 727 275 357 140 352 509 981 859 883 948 317 1013 315 152 813 764 547 209 768 272 478 481 552 424 613 855 923 823 954 759 356 874 567 993 144 782 876 354 152 136 333 700 836 381 661 833 28 

 Round 14: 
  theta: e431afcad2c7701e4c8fb6f3c7aa1a73
  cmt_1: e3e73aab86821987bfe6c1e557747b61a71755d2621ac770fba2467d89cfadd6
  v: 922 689 179 440 137 966 254 188 434 980 565 870 1001 1001 239 255 147 435 982 489 403 869 386 585 616 292 476 600 328 903 557 990 655 38 406 66 143 798 998 45 575 445 338 834 127 226 145 671 20 92 190 25 164 529 510 178 690 743 813 812 527 504 1010 18 913 528 915 877 786 961 1012 264 702 201 417 53 108 263 718 

 Round 15: 
  theta: 143d1ca7630d4823f7e36642cbce15bb
  cmt_1: 811d0b936896455bda9775053b2b7c749cc0d6336e92c5936ece42f3d07649ce
  v: 364 598 626 971 400 280 676 585 206 732 417 875 750 709 740 561 522 895 540 931 398 120 332 1009 53 714 856 723 1014 955 62 246 294 767 215 198 502 346 766 1001 122 143 242 373 672 122 192 49 787 66 567 529 57 345 813 755 662 196 524 196 225 811 697 380 149 608 573 615 422 357 49 696 736 227 986 1 692 96 786 

 Round 16: 
  theta: d5b15efed7829e3d8ae503cb3bc6f77a
  cmt_1: 37ff8afe06e7bd9e3a7ca1130979bf03653aac70bd4872d45a694c7ca56f8838
  v: 415 995 157 129 565 661 786 550 843 704 830 252 139 284 1006 45 22 868 886 702 500 80 0 241 975 344 101 791 791 381 545 286 642 281 724 72 5 665 237 723 11 80 932 873 550 200 21 65 651 93 691 900 727 311 563 121 606 897 182 801 579 556 224 858 935 620 387 364 16 895 840 282 176 592 220 636 205 871 46 

 Round 17: 
  theta: 8157170ac18fdc7d27287b4807cf1b1a
  cmt_1: 18e7b6f2659fb3cd47d2fd4a8e7708240e31444a0c7e1aa14bdbfede8faeb989
  v: 840 665 265 708 982 452 176 723 354 671 514 582 102 613 359 106 570 418 127 333 1010 723 328 693 756 862 1000 698 710 425 317 45 5 938 62 911 929 497 998 1010 324 333 194 566 925 382 89 770 622 673 239 957 553 757 808 236 165 959 464 355 265 247 572 752 868 584 1015 649 372 932 540 451 803 907 884 224 740 68 113 

 Round 18: 
  theta: c3e6ecc59ebb2c3b419224c7b1831711
  cmt_1: 5ac8c25b21c7546e992c7c6b2f9711a474653fc49f3ec5c639418f7c5427ffe0
  v: 121 1006 979 670 933 475 553 756 737 802 1000 426 639 896 613 628 790 103 743 289 273 478 414 892 1010 581 928 497 224 767 686 569 538 238 287 101 474 728 299 437 42 147 326 869 36 992 740 436 89 375 961 239 480 925 303 929 989 230 325 938 512 207 754 973 590 192 764 598 336 20 556 166 843 914 787 815 699 634 424 

 Round 19: 
  theta: 599f82602685ef09f9d9ddb62654d539
  cmt_1: 9b6ea72dd0c9e0717f293db6f2ff5645d16bc7e99008346e19d283a788fbdb5d
  v: 286 508 635 874 904 11 811 670 99 29 26 755 271 194 506 635 979 839 921 296 318 85 1000 689 48 370 27 995 224 218 274 755 874 599 171 331 761 602 90 553 116 109 313 663 316 601 689 326 347 285 54 191 6 661 744 233 693 105 558 789 913 429 60 723 602 750 416 679 10 991 825 499 415 520 971 99 811 484 830 

 Round 20: 
  theta: 2f894ffe5fa60704f00a851b6c8d9093
  cmt_1: 6fa8a49a759b5c6489cddc75eeadb4f9328faa41dc5cdb3d0b6f927103d1681b
  v: 266 249 975 585 833 291 286 725 511 202 155 1009 565 618 23 241 490 697 94 961 720 604 1 361 986 916 262 780 389 488 925 973 667 840 999 505 165 265 969 762 749 682 506 803 956 550 85 585 901 849 640 448 936 771 416 407 781 273 57 398 531 117 580 505 255 209 873 949 514 467 199 125 669 351 757 681 220 704 695 

 Round 21: 
  theta: 97a8d59788c36cf2fbe182ab667874f1
  cmt_1: 499ae04c29f1c5fafa68116967da992a17be294c308c8e01543942f6551cbbfc
  v: 568 150 326 761 993 10 81 838 93 428 309 556 867 25 926 220 941 915 837 1011 701 556 440 183 658 137 354 864 922 175 998 204 181 458 553 139 803 312 127 460 677 615 224 160 990 957 791 204 629 22 208 658 210 62 894 691 725 811 948 928 155 725 632 697 410 856 480 928 927 762 479 254 88 538 389 834 743 115 562 

 Round 22: 
  theta: 1662dd4ebde5e69a84ebaafe12deadfb
  cmt_1: 2545e9b215f9fd3cd375c1aa4c4b7d81e38f00519fd4ad6617ce396c29031dc1
  v: 961 316 11 264 861 572 212 353 768 700 359 312 1004 716 241 748 930 916 8 250 709 308 580 485 1011 243 910 107 959 561 968 473 336 170 417 964 516 806 300 805 539 458 423 468 77 1003 896 279 876 100 742 778 805 408 519 426 895 822 855 762 811 114 375 224 187 675 86 426 268 283 574 711 988 717 900 271 259 19 289 

 Round 23: 
  theta: 34665f55b0231eb819c001545f086219
  cmt_1: bddd435fa07322e76d7bd916438ea08f541c4e5c8d736cd31ab87e63930f6450
  v: 782 620 798 171 419 167 916 592 661 593 835 862 841 106 466 119 239 979 697 992 133 178 533 713 542 48 439 365 3 355 527 92 873 129 246 318 317 277 644 838 750 27 509 287 612 520 746 80 56 396 874 796 383 773 7 700 113 175 27 394 452 204 359 5 41 87 347 721 501 561 278 551 922 1008 928 482 672 441 845 

 Round 24: 
  theta: e9a42383a7608a4f70ca0c7d15874fc2
  cmt_1: d993c3ca1c0811e47f949994dc0ce55a304f0fbb7061bba2ab08d044777f37a7
  v: 973 218 252 444 32 406 34 597 493 711 371 200 0 672 864 263 831 738 739 284 100 16 511 329 155 246 966 41 805 948 7 295 307 191 988 863 20 295 904 870 198 125 148 353 421 226 520 922 359 902 760 672 31 796 883 43 935 668 168 847 45 226 596 627 814 955 771 959 336 394 920 186 772 409 876 888 347 513 196 

 Round 25: 
  theta: 78b7c7f3cb6ae755c97a8786db00a002
  cmt_1: 7f317bd796f0912fb79799072a78df22e44eb9b96ea4d2ece65d0b9566c99c9e
  v: 522 101 951 896 242 408 713 605 580 365 746 579 211 588 580 655 827 458 281 313 631 937 742 323 48 728 586 31 805 817 1000 941 530 757 994 320 200 154 830 305 711 349 447 987 348 80 634 668 229 846 983 393 203 983 422 130 225 268 451 356 508 313 838 872 864 145 416 180 995 547 660 936 603 59 257 217 603 488 495 

 Round 26: 
  theta: c4d875f81b0d7fdd7b0190efbd233f65
  cmt_1: 6332265deb55557e3eb528914f5d80646f34c25a5119e04b713d270b6b6f8e28
  v: 956 266 913 736 238 286 1 464 239 514 628 661 263 939 654 417 567 531 490 1 936 382 689 614 1010 672 423 777 946 837 957 780 112 223 194 14 31 895 320 751 802 1015 20 883 74 290 31 957 599 450 956 995 765 22 535 394 838 103 771 405 749 125 328 287 1000 535 197 99 737 622 351 762 52 915 785 878 85 744 1001 

 Round 27: 
  theta: 3bd6bb4a72517bd912748d98dee32f92
  cmt_1: 82428e1ec553562fbea58fd0e7b5da444a73bc205b6e8d9ce4026e6071e746bb
  v: 34 119 342 552 331 803 857 399 289 799 295 361 861 561 455 255 1018 129 978 989 192 466 194 964 84 447 189 948 242 997 1015 760 519 667 937 896 879 510 532 359 208 832 795 717 955 267 594 78 668 481 292 324 378 197 985 399 813 408 0 310 202 283 942 814 968 116 588 638 805 162 443 866 537 119 172 761 612 615 1007 

 Round 28: 
  theta: 92a8afa4e951d397c27baf244d8fdb44
  cmt_1: 1ee20047a566d23330be983cd325c025f96da934e0187b45c3830e97d654643e
  v: 39 316 661 768 613 188 979 15 390 846 517 418 293 766 282 142 927 157 977 404 223 907 144 159 368 930 970 513 931 375 988 834 996 787 762 280 786 512 825 89 257 177 59 16 154 632 777 578 752 206 997 111 657 336 1016 199 561 575 764 499 987 312 85 946 646 240 334 987 933 431 355 830 589 790 567 421 42 511 422 

 Round 29: 
  theta: 4854ff0475eef67005c29dcd152c10b7
  cmt_1: c4c3943908a0d3401d9a66c1d091adaf5ae3290625c324f01da7a59d8203732e
  v: 11 900 886 278 854 909 312 752 63 899 853 298 377 791 112 661 448 944 267 427 905 646 232 571 854 159 20 268 543 885 614 109 823 534 339 117 770 239 980 314 437 382 332 672 896 635 111 1009 873 250 298 435 516 514 434 821 104 306 979 897 445 784 131 950 467 492 79 826 217 517 641 195 752 715 771 187 464 329 948 

 Round 30: 
  theta: ae537d3ed3102b8e9bf5941a317c8e22
  cmt_1: 8f296a696fcae83840bd9ece6dd588f92f4dc4996a48e5a0fea0aeb5501edd64
  v: 58 550 178 217 693 433 60 359 712 406 533 240 749 93 681 416 183 677 596 965 731 479 189 961 429 872 354 139 233 94 196 620 359 684 387 241 159 481 985 439 983 319 862 524 429 599 504 225 384 254 74 600 339 461 285 806 468 883 188 852 30 522 860 399 460 812 221 217 454 883 536 295 970 223 327 379 467 297 249 

challenges: 

 kappa: 
  kappa_i (round 01): 739 799 362 
  kappa_i (round 02): 120 608 268 
  kappa_i (round 03): 324 999 1000 
  kappa_i (round 04): 908 723 413 
  kappa_i (round 05): 713 199 218 
  kappa_i (round 06): 093 813 224 
  kappa_i (round 07): 168 105 774 
  kappa_i (round 08): 453 483 911 
  kappa_i (round 09): 218 466 589 
  kappa_i (round 10): 691 436 997 
  kappa_i (round 11): 945 264 297 
  kappa_i (round 12): 984 663 382 
  kappa_i (round 13): 283 267 931 
  kappa_i (round 14): 743 034 034 
  kappa_i (round 15): 290 745 604 
  kappa_i (round 16): 242 948 266 
  kappa_i (round 17): 778 757 682 
  kappa_i (round 18): 680 505 198 
  kappa_i (round 19): 339 551 413 
  kappa_i (round 20): 463 839 429 
  kappa_i (round 21): 545 545 193 
  kappa_i (round 22): 910 859 834 
  kappa_i (round 23): 622 381 506 
  kappa_i (round 24): 315 054 873 
  kappa_i (round 25): 609 106 116 
  kappa_i (round 26): 346 694 154 
  kappa_i (round 27): 466 775 097 
  kappa_i (round 28): 603 256 795 
  kappa_i (round 29): 734 976 263 
  kappa_i (round 30): 778 227 635 

 alpha: 8 19 18 32 3 19 17 22 27 10 25 10 29 24 1 13 24 13 21 6 15 30 10 11 11 5 15 18 31 1 

signature: 

 h1: daa7683c7320007fd0410891b3fed7155125a82a14daaaa053404e6f93d8b692

 h2: b7461ac737fc40911a1cb1875a06dd09d5fc56a3134b90b62cd2eaf961343b56

 responses

  response round 1

   z1: 916 555 494 950 257 829 312 222 551 917 136 791 406 377 320 481 313 4 572 98 404 142 827 705 390 538 646 312 697 537 746 115 705 314 650 783 325 319 150 773 261 15 299 187 854 58 465 613 383 1001 109 696 676 135 144 580 598 563 122 719 589 810 585 823 172 278 863 300 298 829 228 60 636 847 565 576 1006 911 739 

   z2_pi: 49430c38142c413405311a0d2133442f473c15171f4b281027020712293a32481b3e062423303713364c013b2a04254e2e3f220b00394042452620110a4a1d1c3d350e08031909162d1e4d180f2b46

   z2_theta
    z2_theta seed # 1: 0cba288d1f9dd662e167a1bca800844e
    z2_theta seed # 2: 56579e285670deca81a838b14096e439
    z2_theta seed # 3: bc6133a923908ac4919329f0a095ed6d
    z2_theta seed # 4: 77f9922d80e6c73a695a1e757a402453
    z2_theta seed # 5: b8b6038e4061c6144db4a614992668d1

  cmt_1_alpha: 7413b1d0b5c9beb792bca0e3dd65ebd1900f3eb48bfcf8aa7e2d087842d251bf

  response round 2

   z1: 579 934 817 106 134 694 619 221 130 160 267 655 452 614 965 594 756 655 282 879 774 282 432 469 344 403 869 299 8 796 489 817 74 636 259 135 216 431 863 25 913 632 833 338 152 729 506 559 421 44 626 914 741 586 829 353 36 587 149 868 603 152 667 152 813 238 487 515 166 888 272 723 218 75 299 612 790 195 868 

   z2_pi: 490245254836163110262e40321403331a13462a390d09351c11430e06241d0f084d474a0a4c0b3c27441e07212b343e293a2c19054b1f042d234e302f0c3b28121820374115223f42001b01173d38

   z2_theta
    z2_theta seed # 1: c445d0908cc27250c2f95b8fee15b4af
    z2_theta seed # 2: 45d9e291c6991aa0bf788c6399f952b2
    z2_theta seed # 3: 7bbbb9fcaac8d96bdb63d6059deacec9
    z2_theta seed # 4: 4af73575a19b9e5fcdc1102d85d0148c
    z2_theta seed # 5: 87b3ef389a8667b3426f1bdef383ec0c

  cmt_1_alpha: 6ebcabdf0ace648ad3e26d27a32b1da6c355876f7caa955046323d0805194e50

  response round 3

   z1: 723 598 838 701 578 164 889 595 746 859 643 663 13 265 278 565 738 428 426 1018 517 887 97 721 537 59 735 340 506 194 682 754 830 70 770 134 791 9 263 416 806 419 310 365 881 848 684 148 99 131 337 572 850 835 795 788 563 474 629 84 249 306 905 685 586 1012 489 160 271 365 785 840 330 456 148 504 275 687 429 

   z2_pi: 0831250021360e0115022a063c04481a18133a4e033b1e110f4c41302705194022472d394426233334464d3e0b37352c2f2b4a491f1420283f171b450c100d2e16073d431c380a42091229241d4b32

   z2_theta
    z2_theta seed # 1: de8df84fe09e3eb0d28fe8a76d46608f
    z2_theta seed # 2: 278094cf8702ce60d3f563d58336bde4
    z2_theta seed # 3: 1dc74b14015e6e486daa8ccb2084158b
    z2_theta seed # 4: cc0b49fff4f1600cab5d1e4bce6bf7df
    z2_theta seed # 5: a4d1623011e341869b0a667521bedd95

  cmt_1_alpha: 9ea399a510e117961d0ac9161d86ae138908ba5ef8c51e1ca8cba8ccc278a21d

  response round 4

   z1: 334 596 344 395 140 277 320 515 454 213 1012 795 24 202 213 874 599 841 905 609 371 35 358 390 348 724 561 376 579 59 756 562 880 291 511 177 978 485 840 667 515 473 269 66 60 1019 151 793 815 937 798 283 237 669 103 841 949 961 840 8 877 741 488 870 323 97 249 100 859 839 240 723 757 334 925 208 138 707 155 

   z2_pi: 033b37292e493d2c001444284c45152a0f0230204738360c3104461d103a061b11432d331224354e4822210d1e18193c3e0b2523014b4a0e390a32172f1c26084007133416093f41424d2b1a1f2705

   z2_theta
    z2_theta seed # 1: d01feece5543e7f38c799276942967e7
    z2_theta seed # 2: 8b05200fca6d5c201a1bf671ac667fa3
    z2_theta seed # 3: 5b75ddf06047cbe6b052b19079440678
    z2_theta seed # 4: f408064a6a527361bc70001d93b6109f
    z2_theta seed # 5: eb49177f2edb31041827056cf6fde877

  cmt_1_alpha: 0a67904ab8c0ad32a81a8112a340e04964ee6869c4b003f2172ee57aab0725aa

  response round 5

   z1: 737 860 998 799 380 302 346 142 721 739 176 947 513 165 771 731 977 214 981 681 326 852 529 495 375 875 966 43 149 382 361 298 676 440 155 797 69 999 408 415 107 880 504 967 768 46 95 170 81 1008 963 760 24 589 114 82 364 37 878 330 198 719 880 260 855 734 1009 346 68 1002 562 182 781 284 23 42 767 81 743 

   z2_pi: 2d00350d073f3c2606431a24183b0c2841452023213e0246424b44014a102a0440320f4c131412111b1f3d37164d3a1536331e4725080e3839312e1c34494e2c2f0a29270b302b0509194803221d17

   z2_theta
    z2_theta seed # 1: fb2fcd7577b567bd93c9547dbc533b5f
    z2_theta seed # 2: 24227f2b5f06ecde40b852353225a011
    z2_theta seed # 3: d57fc7f0a28dece1b0889e9c77eb0528
    z2_theta seed # 4: 3a618ecb1f5561e7e0419e58f2105246
    z2_theta seed # 5: 948cf8c485751e312a182be92b18ec53

  cmt_1_alpha: 52602dcef2173bf38341d2e2c3b4b2e5d0b576ed9fce9de749e56868d2545277

  response round 6

   z1: 586 646 552 788 692 57 76 27 484 516 708 58 124 374 162 592 826 440 498 20 421 16 101 853 74 214 670 831 652 645 447 608 414 121 210 108 872 953 996 113 940 631 264 731 150 169 61 180 875 290 307 740 803 16 254 862 950 507 623 215 985 521 786 925 518 241 743 642 920 716 839 332 852 333 5 344 803 357 186 

   z2_pi: 45322c14370605271249092a1e4a31331b4d0708283b212e394102010d1a184b0f2f1c0e4e38233e15130c2d3a44424c290048351725031647111922244620361f0434432630101d3f403c0a3d2b0b

   z2_theta
    z2_theta seed # 1: 6f27b8aa47000b03810b75562cad48df
    z2_theta seed # 2: c11e8f02a449e2d11462cb5bccaf930f
    z2_theta seed # 3: 29fd23bdf5c8c3031794086b1176a4a3
    z2_theta seed # 4: bb6a432a68b49d6f445b753645d672bf
    z2_theta seed # 5: 40985535bf95058d36fd20f534423e60

  cmt_1_alpha: e1785796a9ee6a3a49210273a471dadaab858e4bd72c8ab0aaf65810ad09df0b

  response round 7

   z1: 797 643 691 596 79 1005 891 820 917 317 514 844 893 583 908 440 966 735 798 684 707 219 241 832 423 892 594 751 106 313 294 331 226 863 312 342 636 805 538 1016 851 58 445 54 811 724 716 66 196 144 712 601 893 548 448 395 804 329 544 715 458 1001 1009 577 326 469 327 195 237 786 471 321 936 252 670 366 751 925 834 

   z2_pi: 372c111a4a17003d0518302f341f3925091d43234601353c4c2812380e0f4b2e040807213e4148130d203b0a02222a1e4e33032747451b36423a2b31444d1c0b24400c10151406493f16321926292d

   z2_theta
    z2_theta seed # 1: 1cf048005e31288cbae32d39e4223d9e
    z2_theta seed # 2: d34668270f97a992a4fdceca21099cb9
    z2_theta seed # 3: 3fa22c153f62b177c18416352db80c53
    z2_theta seed # 4: cf2db3cdcda1c3fb724b703cc9259fc8
    z2_theta seed # 5: 45022dfd74f62c12ea154e8e3b45da70

  cmt_1_alpha: 2b64db229247abceefc6906147cac68c4a25b6a7affdbdf40ef307aec31bbf26

  response round 8

   z1: 173 773 248 294 93 586 573 650 291 730 402 422 210 424 92 279 444 654 77 337 373 1005 763 720 785 416 372 260 352 653 80 498 181 412 880 552 572 613 674 525 816 45 96 475 505 828 873 720 659 83 834 687 799 981 72 279 636 444 97 401 628 684 257 412 713 176 123 557 80 489 720 876 547 142 990 248 114 51 48 

   z2_pi: 1a294503484423100c4b0200050b182507341336013e1604300d4140224e0e4728211d17264d4619392c3a3d2e43322b120a2a094c3f24310f1e3c1c38273b49140837062d1b354a1f3320152f1142

   z2_theta
    z2_theta seed # 1: 25fbe188e2e84ca407caa14f157866eb
    z2_theta seed # 2: 58fc8dabb9e15397e9ae54989e7932a2
    z2_theta seed # 3: 221c32cb4e5867a3081ddbe715f552f9
    z2_theta seed # 4: 2fc3c479ab98ef3c7118c045405fe4e3
    z2_theta seed # 5: d3962d4f55aa138df28d632487e8b7ee

  cmt_1_alpha: 2f5d1c0ee69222fa1073b7b5be33d7f1d7b6f6010b03d2d7a97126fe9eaa49b8

  response round 9

   z1: 415 1018 555 583 655 1019 721 807 397 745 338 670 10 707 2 70 668 501 870 905 395 237 881 604 915 639 957 169 369 863 640 829 874 845 101 743 94 544 488 531 733 451 142 482 277 234 41 891 650 212 473 856 1001 512 460 684 43 989 882 43 1020 408 480 774 850 975 1017 254 781 509 653 194 812 904 864 937 44 141 104 

   z2_pi: 0e164c1d3304173b44420d2612302b192c132a3c013a313f20152406452505391c2e2d29032749380f08221b094b3d340c47464021232f103614434e1f0b3e0a413228024a18004d1e11370748351a

   z2_theta
    z2_theta seed # 1: ef86debe569b5b0dce6f6f4dbcce14e3
    z2_theta seed # 2: 6ae6e66d4b1b50d26bcf6a984ba061d1
    z2_theta seed # 3: 6c3a3db0825481ccabcdf68688f91334
    z2_theta seed # 4: c2ca629a316e60a8df4994ed528fcc74
    z2_theta seed # 5: ddcad74394e44f83cc759313e3f8443c

  cmt_1_alpha: 346aae4b42f50dd2e5c6de616301814eb26ae2ffb3d74f094578402044e70f78

  response round 10

   z1: 520 604 70 30 938 980 477 975 530 89 422 8 102 729 377 341 818 607 195 316 373 80 572 348 79 451 242 318 940 250 859 606 995 294 486 570 518 742 686 586 781 97 319 248 852 79 993 49 702 16 400 583 736 146 462 774 495 285 247 758 197 788 617 708 40 525 109 573 769 411 11 814 262 236 246 791 637 1005 553 

   z2_pi: 060247082b0a430f262a4a3503401a3648013e002e2c2042174513331f3804093a491d4b2307460c4e41122d1c313d4c24281b30290511393b3c1e3f2718140d0e340b4d212537321615224410192f

   z2_theta
    z2_theta seed # 1: 4cf5d7e0e64697525f445a128def55a6
    z2_theta seed # 2: a05f0f4a9e9ac64c7bfcbfa7d4bb3664
    z2_theta seed # 3: 3fa0ef35541559344f7d64998a711056
    z2_theta seed # 4: c13d5e92edfcf59ad79072d2a80d41d0
    z2_theta seed # 5: 48ab7417922d59e5b56b499896949648

  cmt_1_alpha: f22d97d7e197069a6dbaa6b1e5f9617d217fc0a0ab38708068343dff3dc3e9a4

  response round 11

   z1: 651 10 117 516 63 481 603 920 522 278 89 826 537 640 848 198 800 587 760 355 986 594 942 615 196 19 90 610 346 351 1009 981 889 939 196 895 484 622 18 215 567 142 614 374 848 342 108 0 917 791 56 874 916 366 735 528 970 735 951 666 707 378 398 132 194 755 786 1009 898 778 297 628 293 140 658 16 190 390 293 

   z2_pi: 48382a112f19473b2c2b134003064d291a1b4623183507120439211e1c4b150d0944493d1008433c0f4e223327174126324a42011d3f1f3a0a3705002431362d0e0c4c2e20024534143e300b162825

   z2_theta
    z2_theta seed # 1: 5da9443af2aefa267cbcdacbbe6c84f5
    z2_theta seed # 2: 84616e7546bffc7cd9527dcd72507a71
    z2_theta seed # 3: 32b15a8e03663fbfdc4db358b1978c5b
    z2_theta seed # 4: 6291f95b240be27c0ffd78d721ceeb57
    z2_theta seed # 5: 69d466db90e2238b3ec766f3f74fde5d

  cmt_1_alpha: 61157e57f9aeea2a5431046557c061c70313537f39b7334261f8c4b72850828d

  response round 12

   z1: 279 606 604 234 474 625 643 495 647 1010 92 533 313 318 146 426 622 856 505 151 122 994 929 227 122 83 326 630 438 846 847 412 340 373 719 423 902 622 1018 738 369 118 805 241 690 396 738 164 397 748 165 196 280 872 115 736 126 278 424 111 170 604 433 57 999 180 530 208 43 796 300 294 340 722 752 475 472 992 776 

   z2_pi: 1724270f44394049253308412c4a1f114e0c0a104c13012e451d1c31043b303d1a372f4214262a093f4d21471b06190e160548321536232d3a1e183c342003073e0b1200284b0d02292243352b3846

   z2_theta
    z2_theta seed # 1: a4fe88bbf973395fbd804c75f32ee11e
    z2_theta seed # 2: 2258bb0fc7517739734a83dabdb4e948
    z2_theta seed # 3: 8683f555bc1c9107aa76fb307037bcaa
    z2_theta seed # 4: f4509623cd15f771608ef32fdfb5b3d0
    z2_theta seed # 5: af22042d23447cb5246c3c8000977258

  cmt_1_alpha: 8556d140672bcfdcf31850251d1a3c785a9ce4eacbbf8b6f9625e641e9e23aad

  response round 13

   z1: 511 307 583 50 244 594 423 785 547 606 476 677 461 559 749 414 691 327 718 543 458 384 642 660 22 526 451 206 195 878 410 802 409 300 472 583 155 708 337 803 318 80 9 534 46 389 997 921 741 164 135 124 784 518 547 753 91 645 62 893 644 338 63 736 264 555 602 556 716 507 889 414 454 215 897 528 660 948 397 

   z2_pi: 251e4638031a2740420b3a0a2322311f342f20124d013b18290209002c05260733364435391321103e301c244a06081b4945473c4e3d0e192e4b150d2b16372d1d14281141324c3f4304172a480f0c

   z2_theta
    z2_theta seed # 1: b707ef0609ad677c3b50bdfd6fbb0a9c
    z2_theta seed # 2: a4267d15eda76c5ec4331c6c2f38fa40
    z2_theta seed # 3: 078cfa06462c990372406e5c2b219260
    z2_theta seed # 4: 11352a3f88dec35277033b98e99978dc
    z2_theta seed # 5: e2e76c9fabe98acfa4e11cd89a4e4e5d

  cmt_1_alpha: 9c369a8f703bbc08a6b9af612ba7e64fb12b30b7979fb01c2dce7b7b1fe368d6

  response round 14

   z1: 38 558 196 501 1017 967 243 36 327 695 602 366 804 526 736 657 798 737 678 144 207 361 290 393 11 993 522 631 256 356 186 901 471 537 63 50 84 883 871 309 315 201 182 611 632 362 437 103 22 603 217 388 177 294 486 477 369 901 434 591 471 453 233 323 745 314 785 344 83 642 478 157 406 842 493 797 205 866 910 

   z2_pi: 3320000616374c2b08030e30423e2c0a1c191711473a224d1f09253641442d392a3c1d4829100f2f344018491b453d0713144a283b311e23120c32262e1a38350204150b4e434624014b0d0527213f

   z2_theta
    z2_theta seed # 1: dacfa8755f907bff133988f718f4370d
    z2_theta seed # 2: 85e3b1e16d67a025558ff1c1b58e77a6
    z2_theta seed # 3: 76c84187f66bd0335631d12281f9abd3
    z2_theta seed # 4: d0b547cd6740e3114f7ac12c54b21beb
    z2_theta seed # 5: d1b0645824eda0c3c906fe73c45f94a3

  cmt_1_alpha: bca37e05a4aa09f97e5b2b843b6fe4b5767cd3b04601fe67f04d37365dcee8a7

  response round 15

   z1: 982 66 779 766 929 159 995 721 685 804 783 79 545 648 321 134 20 652 861 657 472 350 748 352 478 6 709 540 1017 170 580 287 698 296 748 523 18 381 655 56 350 248 338 662 563 175 1005 765 229 146 806 831 975 213 212 428 1004 461 928 335 313 793 755 900 896 628 178 330 207 485 142 14 807 99 707 235 482 615 1004 

   z2_pi: 000102030405060708090a0b0c0d0e0f101112131415161718191a1b1c1d1e1f202122232425262728292a2b2c2d2e2f303132333435363738393a3b3c3d3e3f404142434445464748494a4b4c4d4e

   z2_theta
    z2_theta seed # 1: eecefdd221e9ec433fd79a332f5cc84a
    z2_theta seed # 2: 842e0cd31953118d2ae5f1633e669a72
    z2_theta seed # 3: fc9be67193501e522d27d08ffd38f5ba
    z2_theta seed # 4: cd2ff922eb6d461d035288d79c18932c
    z2_theta seed # 5: 0736be203e367338761ca901e273b981

  cmt_1_alpha: 0a911585858ca899baf63d35313287819a65f65f6d67bd82ccf915036ddf9b50

  response round 16

   z1: 222 550 325 898 555 605 438 969 513 230 183 126 876 330 953 2 638 886 689 83 499 954 929 594 109 816 970 1010 463 649 971 599 489 105 899 462 129 402 517 674 635 953 636 997 981 312 482 9 692 318 374 234 752 348 412 168 295 664 623 912 861 217 374 313 931 723 547 751 83 1005 48 532 547 846 945 20 912 808 585 

   z2_pi: 3f11023c362a4e0e350c0519470f383113102d0a20073a1c04371d32434c2f093d25344440013b4d241648002e4b2927334517423946154103180d2b061f490b1e23282c141b12081a2122264a303e

   z2_theta
    z2_theta seed # 1: 15a81852e4fb912936acac1af864341f
    z2_theta seed # 2: 82b3c9b43f89d7e39623049a0ee87cfc
    z2_theta seed # 3: ce1bddb2dab75d0e5c4c45f674590ed3
    z2_theta seed # 4: 0dcfc0102ac88d379884790902e4c87f
    z2_theta seed # 5: b461fec5dc0ba61c36e8705be394e1e4

  cmt_1_alpha: 9fe8140cf764755ca9022e8643dbae06db08e40406bd434658ef27c7a0f07534

  response round 17

   z1: 939 825 77 465 694 889 231 624 543 915 403 701 330 526 310 622 835 431 5 546 779 32 395 268 474 826 693 603 604 31 950 84 929 271 475 1004 185 222 509 983 223 665 961 322 22 912 531 932 178 641 870 281 829 929 979 15 633 140 786 926 126 623 891 710 900 226 75 96 7 269 981 113 814 441 237 327 517 632 593 

   z2_pi: 17192646270a1a0906332b3d421b0f1e1831003f0415231c12070d474914223b02434e45443a4c40362f3c2d411f35200510133e0e302c392a251637080b4d380c32111d032921344b242e014a4828

   z2_theta
    z2_theta seed # 1: d2819c531cfb510c5f29ed70a93f64d6
    z2_theta seed # 2: 73ab8271a71cd87523354a7849f8ace9
    z2_theta seed # 3: e9661eb563f72c1d2863b5934c22c722
    z2_theta seed # 4: 6aa452f7c542475364400fe355ef9866
    z2_theta seed # 5: a9169497243203befdf99dd95ecde3b5

  cmt_1_alpha: d49fa2a283babe6391b2333ef5fe13d7d567a94131a935e50cc921944f79ed55

  response round 18

   z1: 267 106 1000 622 557 674 84 359 198 625 880 135 539 653 533 674 773 417 200 374 363 971 690 857 890 89 631 687 264 160 1004 77 472 170 160 629 80 460 76 878 424 315 262 617 56 172 750 64 514 1001 126 288 747 727 245 491 106 607 492 540 199 367 381 0 822 661 507 375 1018 752 82 65 40 975 625 825 373 762 122 

   z2_pi: 39204c160c03180449000e323122213c261f01241c2e094d350d2a290a4605083a2b13301d104815331228442f4b1a343d251427020f3b0745230b37363f4e113e19064a4117422c43401e2d1b3847

   z2_theta
    z2_theta seed # 1: 1eacea3c30a0ae1d7e76112fec9b5642
    z2_theta seed # 2: d389ed8cdc8fefedab93a678d981ff87
    z2_theta seed # 3: 1d1f67aba6ccc2afc7cc7c4921c6e39c
    z2_theta seed # 4: ff1e24c7e8a359afd886823aa771a931
    z2_theta seed # 5: 177d192fc5d8a79738889fa530fa125f

  cmt_1_alpha: c98790aba71adeab47211494c5ccb0d04fa3a51ab3b0db5a7e55e6c146da65a3

  response round 19

   z1: 313 721 539 291 327 483 442 141 227 855 615 38 936 515 368 1015 850 906 78 524 294 130 333 767 138 346 631 96 579 177 593 390 6 700 352 803 825 644 44 304 190 728 919 328 671 439 225 387 255 607 834 150 170 357 19 299 707 946 101 169 591 757 170 809 741 941 654 327 408 447 26 735 653 209 443 5 406 661 855 

   z2_pi: 01253000461d370a2a3e124911474b3a1707081e154139340b132d0c31040223430d40093205420f22261c1f3d2145034c103f203c280636293835331a4a161427440e2c483b2f4e182b4d24191b2e

   z2_theta
    z2_theta seed # 1: 6970431be060ec8d022308aaafa7f738
    z2_theta seed # 2: b9d1f5dbb8a07eb28037ce3377ab1caf
    z2_theta seed # 3: 300333cc845ddc4dbebc4c7fb52fbeaa
    z2_theta seed # 4: 4762f4436bcbbd9fb956478550c0015f
    z2_theta seed # 5: 94d4554d2903799fab947d0e009a7338

  cmt_1_alpha: 4767429caca28735a0a5f6d92170a7b0a992a7b5589a60849d60734f03960226

  response round 20

   z1: 632 96 370 437 306 370 2 837 615 316 746 72 386 279 543 491 210 186 378 830 928 136 931 116 336 313 374 836 622 269 799 21 535 649 1018 259 448 999 220 808 180 890 149 406 265 565 524 107 281 459 232 97 81 193 119 160 235 222 708 220 747 297 830 476 983 844 607 338 681 254 909 255 388 672 523 99 234 466 495 

   z2_pi: 1f321d203626120c0d3f3d114d21311c4a352c2a2d1b41172847014b40390b04443e3b0746083c242e02490e00291a153a0a2b4e2238251e061018484213274323343719330f142f1630030905454c

   z2_theta
    z2_theta seed # 1: bbed9635f0914a06efa3ea61e8d4e133
    z2_theta seed # 2: 0b31a140ddc8c6c320304332a4eda759
    z2_theta seed # 3: edf42549f99671cb47144a0b144e1131
    z2_theta seed # 4: fb4a2ef7e2d3b90fc34802e6724c3c16
    z2_theta seed # 5: c6cb164ba3bb2abe267cc552e5d8c2e8

  cmt_1_alpha: 2a9fac6ac0d8a592b4f12cab8cc63586be8ae5ed4f0cd0a880e2f0714322e3ad

  response round 21

   z1: 582 408 119 654 600 105 173 780 357 190 105 838 157 384 888 1009 572 1011 115 704 701 367 911 995 73 151 70 287 1001 297 105 1008 102 681 416 818 206 759 907 441 51 599 797 251 699 123 476 1004 777 584 1014 782 584 151 956 328 363 498 434 910 802 833 535 90 124 430 375 303 211 944 258 625 954 752 963 1005 980 786 113 

   z2_pi: 21490d241d0b4e1a0a1e46012640343d064514132b4a2a03224842002c2f4b1c3a083238301b4d1633374410411f04230f292e19204c0e153e023c474335173f3b0c120925312818112d3607270539

   z2_theta
    z2_theta seed # 1: a3318e73eced0693ace9c737c9551794
    z2_theta seed # 2: 116a5495dcf457a64b30a4706eee3387
    z2_theta seed # 3: 186ed8532f816e0d808ce5d3d8c1a6e3
    z2_theta seed # 4: 7bb7f71c84374edccf9133c3248e3976
    z2_theta seed # 5: 4ebfb1fcdeb58935128f7ad57b674728

  cmt_1_alpha: d24ba359766e67906c715cccc9542e04ada1ddd9cdcd0daf821528f0a6e8eccc

  response round 22

   z1: 774 57 432 203 849 388 71 954 168 561 382 475 511 752 846 957 573 334 730 643 962 860 566 848 789 719 931 479 538 962 521 24 237 882 872 648 998 226 321 652 918 692 81 151 203 247 392 158 277 263 552 501 685 89 550 112 10 660 542 124 724 856 166 786 336 573 828 606 385 234 226 462 1010 197 493 383 335 914 234 

   z2_pi: 0c3424371f0b3a3903053e18063315304c383c170a41231d2d2c1112471c1a0d082b0721103f4e02362e430f2920484b04131428462622353b3d312f1949444a1b00250e322a09162701401e42454d

   z2_theta
    z2_theta seed # 1: bca4600a6ec204d3d45fba11fcbbaf8e
    z2_theta seed # 2: 668fa0c0c45ec295e0dd7c8f596c5264
    z2_theta seed # 3: 65dd8f1fdb99251e5225d3dd258d5451
    z2_theta seed # 4: 27e10f1dac5fcc00915a737c3b3b77a8
    z2_theta seed # 5: e369c4f61c892a7614612572d57fbf0a

  cmt_1_alpha: 14f5c96ea5b10fd4d6ddf3d496918e80467f999d4e313d01d0395351277cd161

  response round 23

   z1: 604 291 738 999 759 405 682 306 835 533 947 187 509 491 135 201 470 1016 244 1019 761 224 31 828 398 929 244 581 103 641 147 548 642 339 999 277 44 823 48 409 794 68 11 453 404 901 508 50 421 471 105 583 554 230 265 66 427 530 697 825 433 184 949 606 777 946 56 459 495 281 679 190 912 237 838 984 424 135 556 

   z2_pi: 0c46164d1005312632231b0a113e281e191c3b274033373f4c49181338172d2a36012015392130434a2e2c1f2b420b24353c02064404000f143a45091d2529473d0708033448124e0e0d41222f4b1a

   z2_theta
    z2_theta seed # 1: 34bbe4861bb48b56660593cd44e6ed6d
    z2_theta seed # 2: acc58a73cda069c6d1e7d12e5c358a43
    z2_theta seed # 3: 370bad90acdc748d4dea76b6a62f8895
    z2_theta seed # 4: 7d774cfc3df58e94dca36a7b2d0f49f7
    z2_theta seed # 5: c7725e44ebe18d73a4a5c60ad88a51c1

  cmt_1_alpha: faa2789920aa6cfa1591631963f90425ccf776775c2b0e5feb10ecfd95974303

  response round 24

   z1: 535 954 986 132 721 759 850 34 762 363 86 239 392 407 271 754 203 920 631 801 613 382 363 115 355 270 808 708 369 208 935 207 405 466 149 915 357 686 512 652 479 359 681 497 805 297 622 566 213 479 332 45 459 498 334 499 206 806 862 45 36 55 932 177 208 1015 447 667 889 303 799 913 1010 151 271 946 502 431 893 

   z2_pi: 4b002c3019141e2024280c04453246400e4d1023020633480d1f0516253e013a1c4e4c38072b1b0a1337443c353d1d08224a412f0f1a1531472742392a4317123609343f262d49032e2129110b183b

   z2_theta
    z2_theta seed # 1: cf7ec64dc62b8141e0e55d1f63af59a5
    z2_theta seed # 2: eae4805c8f80dbb7d9971bb675360077
    z2_theta seed # 3: d31e8b1a2ba1d86078f984f9e58d78cb
    z2_theta seed # 4: 551f4288eaf1b8d0807a7d01667753fd
    z2_theta seed # 5: 182ceb59541f7efac64c4e9e5cc3eb0c

  cmt_1_alpha: 071c5bac9ea90f5f325b241f3beba0c4a2e750d97783477741bdd69b11b0cb3f

  response round 25

   z1: 258 861 171 814 210 300 5 545 958 313 212 315 566 836 575 433 278 277 711 924 863 3 771 947 739 535 907 255 117 367 346 534 819 131 244 983 119 814 465 993 129 436 717 979 449 9 700 1004 460 906 284 490 76 487 677 459 516 659 391 534 3 241 430 949 532 375 550 1016 11 822 149 498 726 745 122 1016 596 743 726 

   z2_pi: 101a08004d091915410a172d2906484a3126372f32471f01460b0f022a351d2b07231243140d2236164b130549300e423f1c0c3c283d3b18214011331e454c3427381b2c443a202e24253e4e043903

   z2_theta
    z2_theta seed # 1: 591fcd986b7ad8ab72331f96f41eb44f
    z2_theta seed # 2: 03bca536e4337f163d939441d7b1732b
    z2_theta seed # 3: 07905d6f2b459b851446ea218a94f050
    z2_theta seed # 4: b4f9d02260cdcfccf94c50e73154cb6f
    z2_theta seed # 5: be4143d0a18bdeaa1403ac6a6b1d70ee

  cmt_1_alpha: 24ff5512f03377542c37398288e31d69d773195dcf92befe506c89e52b256064

  response round 26

   z1: 508 789 940 103 354 530 7 957 857 936 556 500 600 5 995 809 618 992 935 262 412 31 200 116 281 268 431 500 503 698 830 603 42 267 140 774 498 236 236 2 420 545 988 169 191 437 573 284 1016 4 142 109 761 826 733 873 583 105 249 169 492 960 722 486 179 831 855 416 228 834 8 878 632 109 997 513 761 104 476 

   z2_pi: 083a180714342a124706101e0b26042d3e32030c383b1a15223f1c2e2f1346172b0028412c2129052337020f1f484d160e27424e11393625493c1d45300a4a3d1b400d204c33444b35092419013143

   z2_theta
    z2_theta seed # 1: e761c77c7a9a208f558a0b1db08f504b
    z2_theta seed # 2: 1a929fc339f3c97eeba53e43bcfb2b3e
    z2_theta seed # 3: 006a1b28750323c66c523c94fb77ec42
    z2_theta seed # 4: 9496d220646c3d52840ab71e2a144897
    z2_theta seed # 5: a3c9278430211c4de043854e4ae9b025

  cmt_1_alpha: 9baa626011bec922e729a1e9e5c3d37502700a717dff4f57616576b32b7255ab

  response round 27

   z1: 40 211 194 307 834 470 291 802 531 134 799 698 496 126 486 603 938 44 151 453 549 646 1 548 452 161 3 484 700 65 616 643 1006 397 225 246 149 618 357 932 431 237 498 1011 253 549 317 35 773 762 754 381 423 899 333 858 373 928 735 13 576 444 591 841 297 605 472 337 221 57 455 84 384 429 618 484 723 104 134 

   z2_pi: 1b3c43163b3e2035152d2a1738311232110709282e4d4a0047271941440f423f26214504303a1f0e2f0d4e332b13373614080b0318403d2324461d2c024c29061a490a391c220c1034014b251e0548

   z2_theta
    z2_theta seed # 1: 10647e0413728fdfb6b2fed9d8a47c8a
    z2_theta seed # 2: 001e32c0e61ffc273895612191a43de6
    z2_theta seed # 3: 4ff6c3b5faa68afef3c3a5b18bd68cfb
    z2_theta seed # 4: 9c4ff925fce705b3140e8f50fdaf3f77
    z2_theta seed # 5: 01d08e3fb138a399b7e395a4462cd6a1

  cmt_1_alpha: f7e2f6753d3c6d85e3f23a916ddb26f2f3255528e8683ce3d4258f303cf38b58

  response round 28

   z1: 400 764 700 581 562 898 43 687 657 562 81 218 942 390 67 903 727 256 100 809 798 623 1019 779 816 983 1018 52 494 15 521 73 561 467 850 829 187 702 154 301 978 542 223 779 133 1006 640 976 271 825 127 808 395 982 570 785 143 413 588 151 472 70 970 760 694 541 895 242 793 547 696 464 302 314 174 416 744 435 539 

   z2_pi: 450c4e013f341a094a350a46442c144c0308493718042d3a0d1d32292b0017163c2225051231101b2e06211c3b3848193e304d242f0227402336200e470b3d0f43423933151f1e264b2a2841131107

   z2_theta
    z2_theta seed # 1: 4e6079e8793ead8e17b5536aa10445c2
    z2_theta seed # 2: dc039f78b37a9b6860b6b83b99843c1e
    z2_theta seed # 3: 40cdde54378d6882f3d6e6ac45bbc31b
    z2_theta seed # 4: ca667c986143f50c43f76fad893cd44a
    z2_theta seed # 5: 31f4efd20405e289f2f490a33744671c

  cmt_1_alpha: 6f3a62351e14bae0b4920756296203181650ba0d664ad2f0dd130f873b9e167c

  response round 29

   z1: 160 634 513 189 931 113 308 21 622 209 872 844 507 1017 296 312 592 131 836 982 237 139 338 606 1010 177 328 691 866 255 700 174 361 34 908 615 385 814 711 740 225 92 610 900 994 920 618 667 138 1000 724 664 95 452 291 577 190 63 968 105 894 405 72 177 54 445 738 390 56 70 648 42 864 130 829 125 726 580 78 

   z2_pi: 38332f4b3f2c4a40280b0d3c0c451d1a192d0511480f1f303627394e4c3a202e3e243d214729353203172a224118370a1013040026060246490e12141507312b09014d0825231b44161e431c3b4234

   z2_theta
    z2_theta seed # 1: 3e36fed1eb04f0fb2a193d9fb8f5287f
    z2_theta seed # 2: d97aa06aab34e9589cc4ce614b62e582
    z2_theta seed # 3: 676f24da48f002136165c0bb2097b88c
    z2_theta seed # 4: 1236665de8496c9ff5644c9b22ce2858
    z2_theta seed # 5: db0fc8b01f6f4095b254f646451e9c6a

  cmt_1_alpha: 5af4dd819e2ca9c5aed416860d6e29e079a3f74a9c1228a5bdb0ae77184dc6a0

  response round 30

   z1: 83 113 1007 494 890 782 176 821 472 138 787 257 912 808 859 410 616 929 408 689 726 580 803 399 238 217 99 490 796 863 84 887 667 206 624 434 606 397 317 577 582 601 522 954 880 601 85 843 963 320 617 810 211 613 636 76 701 469 578 624 787 419 858 684 3 522 518 117 247 748 722 160 901 594 631 584 442 114 689 

   z2_pi: 000102030405060708090a0b0c0d0e0f101112131415161718191a1b1c1d1e1f202122232425262728292a2b2c2d2e2f303132333435363738393a3b3c3d3e3f404142434445464748494a4b4c4d4e

   z2_theta
    z2_theta seed # 1: e18a877174676642369055255d5725cd
    z2_theta seed # 2: 455b228abc8bd14af233c5322f83669e
    z2_theta seed # 3: 73f1b74048ff6b0c0c82581e1fd28abd
    z2_theta seed # 4: 285615a71a44846b4e9a4f18cc36076c
    z2_theta seed # 5: d195ab9df0e969b72a735563d3e8d3dc

  cmt_1_alpha: f506d4f6e43ee41434318e8c7589a7947ffaa7522d5f1cc9052888008c345558

m: 0000000000000000000000000000000000000000000000000000000000000000

sm(CRYPTO_BYTES):
5e2cab5b5766a64515d7c7ad3eb675c0fd08eebbebbe669bae6001865438d89e
daa7683c7320007fd0410891b3fed7155125a82a14daaaa053404e6f93d8b692
b7461ac737fc40911a1cb1875a06dd09d5fc56a3134b90b62cd2eaf961343b56
7413b1d0b5c9beb792bca0e3dd65ebd1900f3eb48bfcf8aa7e2d087842d251bf
0cba288d1f9dd662e167a1bca800844e56579e285670deca81a838b14096e439
bc6133a923908ac4919329f0a095ed6d77f9922d80e6c73a695a1e757a402453
b8b6038e4061c6144db4a614992668d16ebcabdf0ace648ad3e26d27a32b1da6
c355876f7caa955046323d0805194e50c445d0908cc27250c2f95b8fee15b4af
45d9e291c6991aa0bf788c6399f952b27bbbb9fcaac8d96bdb63d6059deacec9
4af73575a19b9e5fcdc1102d85d0148c87b3ef389a8667b3426f1bdef383ec0c
9ea399a510e117961d0ac9161d86ae138908ba5ef8c51e1ca8cba8ccc278a21d
de8df84fe09e3eb0d28fe8a76d46608f278094cf8702ce60d3f563d58336bde4
1dc74b14015e6e486daa8ccb2084158bcc0b49fff4f1600cab5d1e4bce6bf7df
a4d1623011e341869b0a667521bedd950a67904ab8c0ad32a81a8112a340e049
64ee6869c4b003f2172ee57aab0725aad01feece5543e7f38c799276942967e7
8b05200fca6d5c201a1bf671ac667fa35b75ddf06047cbe6b052b19079440678
f408064a6a527361bc70001d93b6109feb49177f2edb31041827056cf6fde877
52602dcef2173bf38341d2e2c3b4b2e5d0b576ed9fce9de749e56868d2545277
fb2fcd7577b567bd93c9547dbc533b5f24227f2b5f06ecde40b852353225a011
d57fc7f0a28dece1b0889e9c77eb05283a618ecb1f5561e7e0419e58f2105246
948cf8c485751e312a182be92b18ec53e1785796a9ee6a3a49210273a471dada
ab858e4bd72c8ab0aaf65810ad09df0b6f27b8aa47000b03810b75562cad48df
c11e8f02a449e2d11462cb5bccaf930f29fd23bdf5c8c3031794086b1176a4a3
bb6a432a68b49d6f445b753645d672bf40985535bf95058d36fd20f534423e60
2b64db229247abceefc6906147cac68c4a25b6a7affdbdf40ef307aec31bbf26
1cf048005e31288cbae32d39e4223d9ed34668270f97a992a4fdceca21099cb9
3fa22c153f62b177c18416352db80c53cf2db3cdcda1c3fb724b703cc9259fc8
45022dfd74f62c12ea154e8e3b45da702f5d1c0ee69222fa1073b7b5be33d7f1
d7b6f6010b03d2d7a97126fe9eaa49b825fbe188e2e84ca407caa14f157866eb
58fc8dabb9e15397e9ae54989e7932a2221c32cb4e5867a3081ddbe715f552f9
2fc3c479ab98ef3c7118c045405fe4e3d3962d4f55aa138df28d632487e8b7ee
346aae4b42f50dd2e5c6de616301814eb26ae2ffb3d74f094578402044e70f78
ef86debe569b5b0dce6f6f4dbcce14e36ae6e66d4b1b50d26bcf6a984ba061d1
6c3a3db0825481ccabcdf68688f91334c2ca629a316e60a8df4994ed528fcc74
ddcad74394e44f83cc759313e3f8443cf22d97d7e197069a6dbaa6b1e5f9617d
217fc0a0ab38708068343dff3dc3e9a44cf5d7e0e64697525f445a128def55a6
a05f0f4a9e9ac64c7bfcbfa7d4bb36643fa0ef35541559344f7d64998a711056
c13d5e92edfcf59ad79072d2a80d41d048ab7417922d59e5b56b499896949648
61157e57f9aeea2a5431046557c061c70313537f39b7334261f8c4b72850828d
5da9443af2aefa267cbcdacbbe6c84f584616e7546bffc7cd9527dcd72507a71
32b15a8e03663fbfdc4db358b1978c5b6291f95b240be27c0ffd78d721ceeb57
69d466db90e2238b3ec766f3f74fde5d8556d140672bcfdcf31850251d1a3c78
5a9ce4eacbbf8b6f9625e641e9e23aada4fe88bbf973395fbd804c75f32ee11e
2258bb0fc7517739734a83dabdb4e9488683f555bc1c9107aa76fb307037bcaa
f4509623cd15f771608ef32fdfb5b3d0af22042d23447cb5246c3c8000977258
9c369a8f703bbc08a6b9af612ba7e64fb12b30b7979fb01c2dce7b7b1fe368d6
b707ef0609ad677c3b50bdfd6fbb0a9ca4267d15eda76c5ec4331c6c2f38fa40
078cfa06462c990372406e5c2b21926011352a3f88dec35277033b98e99978dc
e2e76c9fabe98acfa4e11cd89a4e4e5dbca37e05a4aa09f97e5b2b843b6fe4b5
767cd3b04601fe67f04d37365dcee8a7dacfa8755f907bff133988f718f4370d
85e3b1e16d67a025558ff1c1b58e77a676c84187f66bd0335631d12281f9abd3
d0b547cd6740e3114f7ac12c54b21bebd1b0645824eda0c3c906fe73c45f94a3
0a911585858ca899baf63d35313287819a65f65f6d67bd82ccf915036ddf9b50
eecefdd221e9ec433fd79a332f5cc84a842e0cd31953118d2ae5f1633e669a72
fc9be67193501e522d27d08ffd38f5bacd2ff922eb6d461d035288d79c18932c
0736be203e367338761ca901e273b9819fe8140cf764755ca9022e8643dbae06
db08e40406bd434658ef27c7a0f0753415a81852e4fb912936acac1af864341f
82b3c9b43f89d7e39623049a0ee87cfcce1bddb2dab75d0e5c4c45f674590ed3
0dcfc0102ac88d379884790902e4c87fb461fec5dc0ba61c36e8705be394e1e4
d49fa2a283babe6391b2333ef5fe13d7d567a94131a935e50cc921944f79ed55
d2819c531cfb510c5f29ed70a93f64d673ab8271a71cd87523354a7849f8ace9
e9661eb563f72c1d2863b5934c22c7226aa452f7c542475364400fe355ef9866
a9169497243203befdf99dd95ecde3b5c98790aba71adeab47211494c5ccb0d0
4fa3a51ab3b0db5a7e55e6c146da65a31eacea3c30a0ae1d7e76112fec9b5642
d389ed8cdc8fefedab93a678d981ff871d1f67aba6ccc2afc7cc7c4921c6e39c
ff1e24c7e8a359afd886823aa771a931177d192fc5d8a79738889fa530fa125f
4767429caca28735a0a5f6d92170a7b0a992a7b5589a60849d60734f03960226
6970431be060ec8d022308aaafa7f738b9d1f5dbb8a07eb28037ce3377ab1caf
300333cc845ddc4dbebc4c7fb52fbeaa4762f4436bcbbd9fb956478550c0015f
94d4554d2903799fab947d0e009a73382a9fac6ac0d8a592b4f12cab8cc63586
be8ae5ed4f0cd0a880e2f0714322e3adbbed9635f0914a06efa3ea61e8d4e133
0b31a140ddc8c6c320304332a4eda759edf42549f99671cb47144a0b144e1131
fb4a2ef7e2d3b90fc34802e6724c3c16c6cb164ba3bb2abe267cc552e5d8c2e8
d24ba359766e67906c715cccc9542e04ada1ddd9cdcd0daf821528f0a6e8eccc
a3318e73eced0693ace9c737c9551794116a5495dcf457a64b30a4706eee3387
186ed8532f816e0d808ce5d3d8c1a6e37bb7f71c84374edccf9133c3248e3976
4ebfb1fcdeb58935128f7ad57b67472814f5c96ea5b10fd4d6ddf3d496918e80
467f999d4e313d01d0395351277cd161bca4600a6ec204d3d45fba11fcbbaf8e
668fa0c0c45ec295e0dd7c8f596c526465dd8f1fdb99251e5225d3dd258d5451
27e10f1dac5fcc00915a737c3b3b77a8e369c4f61c892a7614612572d57fbf0a
faa2789920aa6cfa1591631963f90425ccf776775c2b0e5feb10ecfd95974303
34bbe4861bb48b56660593cd44e6ed6dacc58a73cda069c6d1e7d12e5c358a43
370bad90acdc748d4dea76b6a62f88957d774cfc3df58e94dca36a7b2d0f49f7
c7725e44ebe18d73a4a5c60ad88a51c1071c5bac9ea90f5f325b241f3beba0c4
a2e750d97783477741bdd69b11b0cb3fcf7ec64dc62b8141e0e55d1f63af59a5
eae4805c8f80dbb7d9971bb675360077d31e8b1a2ba1d86078f984f9e58d78cb
551f4288eaf1b8d0807a7d01667753fd182ceb59541f7efac64c4e9e5cc3eb0c
24ff5512f03377542c37398288e31d69d773195dcf92befe506c89e52b256064
591fcd986b7ad8ab72331f96f41eb44f03bca536e4337f163d939441d7b1732b
07905d6f2b459b851446ea218a94f050b4f9d02260cdcfccf94c50e73154cb6f
be4143d0a18bdeaa1403ac6a6b1d70ee9baa626011bec922e729a1e9e5c3d375
02700a717dff4f57616576b32b7255abe761c77c7a9a208f558a0b1db08f504b
1a929fc339f3c97eeba53e43bcfb2b3e006a1b28750323c66c523c94fb77ec42
9496d220646c3d52840ab71e2a144897a3c9278430211c4de043854e4ae9b025
f7e2f6753d3c6d85e3f23a916ddb26f2f3255528e8683ce3d4258f303cf38b58
10647e0413728fdfb6b2fed9d8a47c8a001e32c0e61ffc273895612191a43de6
4ff6c3b5faa68afef3c3a5b18bd68cfb9c4ff925fce705b3140e8f50fdaf3f77
01d08e3fb138a399b7e395a4462cd6a16f3a62351e14bae0b492075629620318
1650ba0d664ad2f0dd130f873b9e167c4e6079e8793ead8e17b5536aa10445c2
dc039f78b37a9b6860b6b83b99843c1e40cdde54378d6882f3d6e6ac45bbc31b
ca667c986143f50c43f76fad893cd44a31f4efd20405e289f2f490a33744671c
5af4dd819e2ca9c5aed416860d6e29e079a3f74a9c1228a5bdb0ae77184dc6a0
3e36fed1eb04f0fb2a193d9fb8f5287fd97aa06aab34e9589cc4ce614b62e582
676f24da48f002136165c0bb2097b88c1236665de8496c9ff5644c9b22ce2858
db0fc8b01f6f4095b254f646451e9c6af506d4f6e43ee41434318e8c7589a794
7ffaa7522d5f1cc9052888008c345558e18a877174676642369055255d5725cd
455b228abc8bd14af233c5322f83669e73f1b74048ff6b0c0c82581e1fd28abd
285615a71a44846b4e9a4f18cc36076cd195ab9df0e969b72a735563d3e8d3dc
94afe89eed01f58c933727568ec8c596e50554783911c0a3189439b273b08669
68284eb966a8ee1cc1eaa4e8c345fd6449c1053db0d22e56eb105d997fa5df06
aea41e02099156cea8c7b34daa9ce4cdac58f4354b2af54c0e0f7c3e5d2390ee
3f3eee90a6c7ac8621b6aed98d20a02cf4287166162f25bd8f6af4b6c11ac156
1d569395bd12021ca717b3127c0e740836af7d9d41e478062d1526d9eaf76269
2cc82979b94af61c16094b5642f696986c8a49cbee9c37a029784334ad364bac
44a6c5c3903dad9546f72a2429794fa9eed6835eda404216d5282e6baae95fe0
dd61449be10edf52a59f30aacaebb311021b727102078166f26836b51537d4ac
5232c62051f128f5d01b533ca3767552918f4c89b7aa24fde981f2505b1123ad
147294e037d1abad394525568b31521150031a570dfd1b63a04c356a5f9974e2
61ce3582598671456d8c780db903bd32c23dd27fb1485f1ed29b0e985d4342f0
b0ff2519bf9cbac71bb5d3e91949d71e3cd208b45d2e7a660f15463e646c7d34
3cd3d6eb54e7d02832ec26e1726dfec77cb9a49523d18e0bcbec019632f0b6d1
5b537daa46511de17b77ad6dfc0a95f895964aa4e2b649c7459c8fd9676bc08d
dff100bbf0852a51c03f3cbe18342987146c95e0b652c63c0b3741577b1bbf56
44a82fa32d0d7374810aff4671ae9286a24831ad3930b101790412ab031f7689
02a5ceb8c9474169109451b512d678fa33a385fe06a6677948c306dab9931f07
eb7722b4ad25a9f440cbda22cd44eec810f8e3b5edfbbd794df6094adcb981f1
9c2b28e6cc1ecd14d54d1580d5c865e9d2f1a0b352f944fb7bd35c794f0232dd
f7918ce366fcb71eb33aec36f1007d1adf52beab464e262d25ced73859c567c9
1ae23fb50ebdd9b032b5cc0a410c24c866d93789c02d467252202eab5cfaf107
695475470dd38ec4d705853a3f9ebaf56ee742b752303e2675a1648f8a8ea4ad
64a649831a1717f1e6681351d5d5febed0460c1a5d0481d52814f2d5c219dc28
f258a6a80dc2dc0218dbe5c773dad04e3a85d0af7e5c3d1217f1c95b1891d1c9
6a409c250bcb1e2d42911eb46c8fe888f7f8c831030c9fe9bfe2918fee1fedc9
8da52b95a70a0c2b80119cd66776e28bb513379793ffd97b2a717d0d68cf6a37
5dc6b95e8088de84dd0ee7887815a993c2de8a52931dd6e903c81cab2b742ff7
0afc63069ec1523f9fbf3f0df7d7a8302c230e76ea2c348206825c1ae181ead4
77f7bc845998868019d9e65595cc5f0ec3535d50f0c8d513c3c9e313ebfa6ced
e5f82699a7a381e6baaa64c361fc840fd54f841f83af10407624b8923867f07b
1ddd636f3114a7492c0a0db6d163c09b2de0b241ecd873719feda7b8a8027510
f843785b62aea04559e89c21a0501b03f292f88ea5bd94ae9f49cc045a88a9d5
57f1579ff7eac4fc4d9e9b125c73a32366da05b5556c0050f9c538a84db95bdf
42a8fcb7b76b3aac5e8e1122ccbc12c72fb8c229d15912239242e08b61255de4
2597ea6817e7a0ef1d2a3f1715e6e49324aab989757e97e8217ee8e3e8318551
76dae6f4d39c5155d7b3a719eea6fee2c66547c9f1c8ca98b8a434c66e29c460
84f61ce0fa61116a6fa8c2656c399c4f8b84d0acc0314b2651252dbcdb61073e
c2ffcd74a40cf448795ac4237ac95da9cdbdd8ae67b31ee5ec87ca012628a516
38389c33c3b8ad99c899b184dd919b101bd5c83e419180852e14567ee6e59272
081f101b3862bc5b14ea43df844af503b808ada8258bccee97b767c65d133884
94d2de98092e12535ffec7cf43c251b76ae916c90e821ba9c7e19a0ac9336989
94d802e12b78274064e952f87519fe200315739f5dd34ec9d832269e6ad57686
055b6643582c2699d75d5c85cbf6e475c5a53354ba3a458cd514827ad789654a
b7d77133623b6ebd100bfb1bfa27e347db2ac90f3f1122a241194201a35d478a
9d57ec82e59d01c57298bf2a447ea42b4aec2e28415f8fe2e0153e52593ae32b
edf75b8e2426fffc7c35d4b0c67e73a03f9553c6f3120e389db228f54c798e38
70f218c3ae23de99ec7b63625182afd8a56dc90768ce2d7eb0ad54ee02f86977
ac53cca77be852b601b3f2f23f97e8f257a697c6e0ce05225981a2ee993b9fe5
578f937809d0ea935deac0cb1567a89c84e99b90779d8d5d398d3eed88ef4ed1
3e0c148ee874ec14408e7292abe7dc4474b6e67d0e9c1f4e3e59af4a3968939b
43bf5680880b83b01843dae95ceb965c7e603b15a13fb41dfbb978d3dff5df64
1abc5016403e21e9b2046a76463d873efd03793222b1e77ebcb9b7b1848bb304
180734547d1c2ee7d6ce5105e219e5426aa0ef668ba25271963171c27dc8868d
56286ac1a12163d75acbcb9ab5de59dcf92a42a0b0df0476aa80522714cc31e1
366a3b1994260eacb80b8480e9fb01d2bad7d6b39e1a5fb2c7e1316ff50580cd
95ee7797fef04a11040acfc799735dfaea9153b41b8e74d478ba3532ced5679a
80fa8070dd2fb5e24e306892204dfdab8856778231642c511a6600af608d9c33
a12cc0e40bb69723f5e96de10cf6cf97425ba24a5913ac34acec65a4f264bdaa
a45c6eeb8e1e85d96f1a7cdb6834bb156059a557e309865cb5c9249700459fc9
93ba480876d187eb49a38b5e3e838ec8e8744095935d44bbd9d0c7155c98a8fe
0301773e3728d3a2772596255423836b64b41c3a614411cc1da0ace30db1dcac
9b92cfdc5dcff49752a5ea4fe3ff1006ea8263a823dd7b46627687a358a6d10a
c365f99286d19d008677fc3cce3f07b0bdbef5f8f8495c62c447e9a79406fc66
a40a9acccedcbb786e335cd9f13ebbeec11dfb092369bfc3485ec23b526bc927
9be322077da1167cb876d74bd3c02e509cbac33b7cfbd44b1c87c139c0b64cd4
841da13b2a31fab5dd7ff03add7b8f4e693ba8f05cdb0875c5cf8efe9d86c227
88413b72a38da8f9e204c5a8e5b44671c932f720e6494507a1585fab59980887
02947ac807b5589b2231543df2ec6560ea88e39cfcc5b4f7d75392abc3e548e2
9e7f6f65aaca347485b3efd2df7a8724631dfef4ec9f2f381ff0ec58e8f41479
46a0939028e854e757c4c2cd3064a631110b144759e1fcc950da75691ca9a239
0909b19a84b9e61c1b2eb57b99b0ec382cf75e46a7fa02793b46638fda212c5e
a8bbf684447bafd422e8bb9615ef2076d943f22e83f99d2197e9d75a738ce510
cac4c605cde9cf54265d259397e52a808c7e7756aaf1959c929b3656f31d532d
2c279f53f33963b2d72d907003e9b14073ff6f9be6fdd2c791cb7fc943b2dbf7
5adf0275bd8acbd2b0544088bee744cd4e3612fd636c1655742ce75f0f30f0ec
e35eb8f83f75bca59585330f42cff577b81c5df881d0d6ecf4c125c02bfbcc29
ce917a4c9c57ea72044e7a988503c4e35aed14de6522fe0bd85c897cd6a6ab07
fe549e6b2d7f15b37e8658121ed07bd6a8b3481f96058c9fb29ae09f6e10671f
204347460cbd46df7dbafabca50a0b3162b07cecb023006921729fca2fb5f5c8
11fe0438d246be3a779bf69169e4930a7bc04b6bde2c3f5f0d1a394223e0369e
6d941f60be687087c234c2cc24b47523893ca1211feb0a9f1fe66da93a0b9714
57a2a10190485c280390c76b10680eea7e63e1d853899a6591fe5a3bf2cddf4f
893d8d50b0bef2f675dae04d695d17e8df3600246f4f269d5297d845d54d0ec7
5101586b6a92372d1a8640c62faf45ca28f80aaf462a6314dab86ed810875f0b
1019297bfce6fe0bc37cbdfe34b8f7408249c4389dd43defe2ab262d49efe137
0b17e23ea0d03f94f31f282f66bd8e113fd2199397606784f2f8dadae1dff264
3c22aed0b9a4932ba0a13bdb86a0e819602fa3c74153056e468336d3fbe58f12
4e500e42b4f5ed2c229597f2c782d4ac62ffc3ab2b6989c0f89981b97c2cb9e1
702126e1e263aee6a68aa04f2da65f10375290befc807c1a7e5786442c36f426
ae61381881a80a600bd2731fd612e9c41471bcef9ede0ec35233768a4c1c10e4
286fad199aa16316abb5448efc983bd98ca11ec75f5371f7a6cec0299b978df5
14a491592aa83bdc5956b1f4f040a5a9f23465f2c944afd50909e7c4a369cdea
000a1a58c73dec4a0b4ae152de89a46e72c40ad7977732be44f91359c9835486
5f7505f569e4b20db64c2315cce7d5950dc472e3ae7fa96488dc5416802850ba
1bda348c83ae4fdfd25b34a3e293ab7a51cb83cf44b82ecb9fe82205a9a348b8
4aaf9886de8c06f579558495fa1643d979a810f906ad42d79c4475b26f3bc42c
ebf7b86da132e533582be226b0b9eb972e50fb148a25a063a28164602448035b
3236a63b986298631d12d343a6c5c83714b44548689c61c366eb6b7af4f9e4c0
b82ad485594b0e6414cb9779fadc2e13cdf63450889c5570b7b200fe0bae4f0f
5c11871699661a4550dc5bac4485a98087c6587a66de95a9c411826d687de049
6350cfd809f11aa2ad35f0e7c5d6ddb507b0d2430b38262d16b3515e61664d39
dc207663edd513836a4fa05e2403753cd61b87c104acc989b2390f89a4c8f5c2
77ce4503e59d8ddfecf86eebb03d4c23ab40a5b2b0ea539bc861cfcc0d5b4518
63d3b0c070d50b87d68349a28822cb81d2db860cf42c91488a776d1d545e4233
81216f236566b8381693fc6cd065c86255be9a405e5f4d024372b50ed9428db5
d376542403054d95cb094faa7207a945e8c2b8f6a669fd0efb65ab78646e4bc4
17d3949645abad3f482d6be938b079fff023481795d6f054966448e41f08873d
b429c40d24d03fe4f0dcd2309d72e5a6d45c4bc7231492a6c1ebf8679c5db03e
6777c5a632cf721a75bc26f6eb95306b6e6dc2a2ab7cfcd466a8a67837adc9c3
7aa46d846a19bdb28207481cb5078a042f5d6ecb9fdf02349de94229908ded1b
7b2e3ee775f70fe1511db9812e92d818a655a84b1b818f4d1ee65d6b2e7a2890
25c3dc5c5920dbc242f32663818636baa732d928c6db95a6408d567a669a34dd
7fb9a7c8aabe819c7c2241ced7de743f098cbc7c42fc4962f25141557a93f643
dc3acc44c974e59671a0ad4a4f9f92f8bb5bc1c556dddb10b20775361bcd0986
ec20059b05c02b2240238207a941a304af0ec4c4ed20ed767f73ed521b18b90f
66f56dc881acdb001cae4f99612386a55ea874d4dd8b3d5fc5091a299faa4c79
085924754484d2254cd72f03e1ba099b83bd538f1ac72afb79924e2d08f11d17
ec62e9423a730a5651374800ee8153bc4c73796e828b47246666c2302de2af0a
5cb111a33e25e72701961c11531de5ec6ad8768e453f8200e1f3aef7c53b21bb
b64f3cbda083ecc266d64283b816b0dfb929596755ee242c3a4eb7b5d6606873
daabee0c689482ca331d989dbbfd8dfd4037d96d47560b4004e3c0276406faf0
245445c1001bbbc382c411667252044b77c13193c6dd241dd2f37fb4502d8248
6bc93885283e75ad6456e3425f43cc93e533aaf6da74b618e04ccb0d2b9dc343
fe9ddf46fc29ad354a18d214f095867bb54d12db5f5acfcc320bac7515720b31
51d4f31454c99148ce976ac6d19c37c3922a988ae6afe14818af0ea2411f3b2b
70da5452d1c49a9dfd84280672d401a7901712a35266cb0b1de0c9aa5ba5e5bb
ba431bcad2d8a6f9e89fa07148b5b93439cf10816696a1d8da89cc21d7cc4ed8
22efc26c79803f618d7719ed5a078260a3d9464c81e50129e294e15b32ad2d67
1b34d3241c4066e6eaeeae3582e42e5dddcbac56934b1e6830004fed0efbca9b
0ff22b6d1494eadd06ca5c5346320314ab266a833e2016bf26b0aed754602f7f
8bc909ccec39223db4c779c086cfa06e6e9b57cf2e13c522531c53cf7892d83a
b2b722886e7dfcafde9eb850b06c2f08fbe5a7a318a44241d6ec009a521e4579
424ca7e90840c477935b24539c07f2e2ac1f9fb01cfaf572ae65fb432e592a50
606a4d2b1216362f1a27c86521200b4794c2109fae2901254ef272b2a4589ec3
47d81aeec803995c2e7bec1ce1195f11138d3f56911ee20837eb586ff4284457
1a5179d03554dd1c8fecfd9918840c94ba45a8082eabdb5ff2de3c079767c3c6
21c61a6c9edec57c1483919340138d5483b9055aa97bb55131ca960e8d0d907d
8eee4aabe2537c73915dd63e1b1b2714ef2081e0995ebed70e4aacaf3bcb9aaa
87600d46058fbe8d8ff69167854520cc7e1b94d4b0468da7f19e3e0255c80c8c
186167cc52dacb35a08fda243c60344c20a10cb6ab484db8e6037bcb37c5bf48
6e5de13b2779ebf6bb2ce430a3e466bbce2f70d1bd0f6b4a9310c0ddd83bc523
fd150926ddd87a214ace0324641830cb9d57c540af29f19874ba3aa444a17ba1
48aa665d45a1f63f82614a793d271f2a6582264d753bd069a18a1e0ebe43c8a6
857f3886fc0a1478e7574a60178a16bee29a07e172dfa29b62eba05e696d81b2
75914ccd7cce6eaa243ae8dd244db0f5066e97b16c0efcde99fa7f0eacb03c7f
40482e9ac64391e180b612e86ff356b1a059e0d51a28e94209263c32dbcc4c72
911130ed2203c6954f571709e24c4121186b71044d0d3c2862bc7d62b15283ce
1d2e98e66805d97c8aac1f33898d47cf02b954929665a2cb11045dda14319757
a1ad0a719b23b35b04b9af765e265a795615a1d671efe65098c8467dfb94ad01
29a94e3828adbfffe258fe217b2bddb094099ab3eb15eb926306f260b16877f8
1a0220243c714dd1388be2e98d818e31c706b0a8da506f9706d482b51022ae45
e31822f9e4b594998d137d0e514f9a4fa9ea6b55b06516d86e5cbb1b7d59f021
16c73d1933cf67279daa09f6d7d6dd151c8e2f73931ed8b91b





### SIGN OPEN ###
Done

