
*****************************
**** PERK-128 ****
*****************************

n: 79   m: 35   Q: 1021   N: 256   tau: 20   Sec: 128 bits   Public key size: 148   Private key size: 164   Signature size: 6555   




### KEYGEN ###

sk_seed: f9c129948d41687478431362ce74a0ab

pi: 0c09362046342c4a2b101f4925061e4d393d4e0a1b1217032802043e213c07010f321c310e2e2d4145233014083a1a37002f0515113b484c26420b134047352a3818161d4b3343243f22192944270d

pk_seed: 91618fe99a8f9420497b246f735b27a0

H: 
  109 965 673 019 237 648 840 373 834 280 902 555 039 299 146 456 798 530 232 752 289 125 495 729 614 744 489 004 561 846 080 945 409 580 474 229 454 434 612 071 732 431 827 855 037 790 461 804 946 396 765 965 478 343 509 278 096 006 782 208 473 655 602 079 726 021 550 533 754 610 170 651 676 329 325 168 367 880 402 
  309 888 726 076 336 979 096 294 657 821 554 445 421 762 209 351 454 1010 081 810 105 511 653 1008 1019 109 821 571 990 486 1009 905 725 973 142 154 937 192 829 110 883 907 687 086 661 245 440 542 110 584 188 243 206 171 016 066 312 896 663 191 227 568 560 627 941 576 215 129 445 526 099 111 525 931 956 046 663 677 412 
  101 293 332 804 804 477 789 1015 109 454 683 738 551 888 131 730 365 008 599 851 010 053 375 440 267 196 959 503 528 260 512 072 005 197 501 526 536 588 080 418 251 895 404 117 353 938 019 616 461 988 072 863 917 522 578 051 045 624 212 135 307 062 409 173 843 451 506 795 800 423 842 887 104 962 003 059 475 193 351 
  463 343 309 1004 643 936 278 828 326 211 205 627 719 032 291 596 544 698 936 463 511 983 243 748 673 1009 283 196 526 931 944 977 953 947 847 344 852 917 339 643 778 846 141 114 265 774 833 696 991 080 230 688 915 134 218 443 279 300 525 595 687 054 457 837 425 199 366 246 559 463 663 057 606 836 192 679 332 432 765 
  584 371 002 513 256 907 1005 618 526 858 765 939 929 380 861 811 871 987 340 608 664 163 237 618 816 139 034 402 017 161 1009 439 463 180 370 774 013 034 986 029 045 629 022 387 651 502 727 417 222 601 619 594 698 395 861 555 478 679 149 714 164 567 613 934 693 498 615 907 381 761 259 414 573 913 481 192 775 599 667 
  172 550 162 705 972 867 716 709 667 780 924 988 683 705 359 429 816 231 778 875 762 123 780 114 441 774 184 107 030 741 438 1018 970 004 768 995 667 192 453 256 668 189 653 961 818 748 209 569 162 769 347 918 334 352 673 489 479 276 612 723 453 012 695 456 414 686 851 291 655 052 691 381 127 888 561 884 675 877 654 
  640 646 038 395 252 809 267 064 144 269 364 774 099 359 847 604 889 865 561 927 077 469 792 330 176 405 003 422 069 160 978 221 013 161 911 404 079 716 746 952 112 863 789 755 405 997 972 701 982 532 680 725 696 158 657 750 944 605 549 753 229 699 202 504 091 490 131 559 268 943 979 261 100 466 498 655 1016 848 686 
  388 690 572 453 737 131 220 928 592 324 772 846 836 902 269 157 1000 212 052 854 850 602 144 704 333 456 938 420 524 535 586 264 929 110 843 101 406 232 058 917 522 137 780 079 867 459 244 826 243 664 386 256 525 112 925 033 516 359 503 445 911 1005 235 308 096 834 653 425 045 896 696 996 195 063 760 859 992 344 280 
  367 684 991 851 012 882 282 337 532 061 108 462 829 737 709 1006 548 862 448 916 916 216 395 039 024 661 009 471 076 245 135 971 591 736 716 259 030 358 559 050 829 914 1017 915 082 413 820 778 331 671 1008 400 284 1014 305 819 910 802 454 240 535 619 270 083 286 334 540 745 315 436 955 356 075 117 995 538 255 082 201 
  881 567 831 236 476 390 208 239 950 142 518 510 132 522 138 052 665 052 009 732 743 277 777 300 080 370 871 432 955 195 798 748 929 240 705 736 035 318 742 674 016 977 666 465 862 935 477 927 994 981 956 500 502 921 147 128 075 551 082 829 958 459 227 155 494 369 267 808 663 641 595 912 281 1014 239 035 572 761 869 
  661 708 570 910 227 462 675 510 837 183 856 315 697 327 170 391 679 351 402 101 722 261 942 931 547 874 330 584 910 144 927 655 850 764 872 984 946 425 148 496 291 467 625 313 587 502 382 209 598 405 961 001 527 728 651 222 797 147 902 148 570 233 237 056 291 191 131 844 300 978 512 336 612 641 478 056 368 050 824 
  376 157 608 070 997 791 161 271 563 570 833 464 573 711 104 380 854 394 643 677 236 631 568 634 699 749 328 878 162 323 628 806 659 354 567 444 089 1018 254 794 1001 602 889 623 851 666 982 466 778 980 336 169 745 836 626 1011 937 698 969 163 344 084 959 252 898 240 226 190 211 866 305 871 537 305 378 176 498 828 390 
  443 453 460 785 885 830 883 390 490 615 528 425 706 799 946 775 993 639 025 782 1007 832 665 510 524 764 187 051 767 105 252 744 190 076 359 036 240 152 668 307 722 963 426 310 1012 120 774 287 627 918 144 493 436 867 133 354 840 695 856 771 295 257 579 854 063 357 1016 940 695 069 891 864 085 545 141 246 005 114 596 
  335 458 674 944 808 208 162 758 610 614 813 915 1015 1011 127 615 882 662 581 669 419 657 027 634 988 493 735 447 258 319 719 914 910 638 185 576 605 325 381 338 766 1008 937 778 227 871 095 908 582 259 856 169 486 072 579 606 312 056 898 524 873 941 582 433 746 968 484 947 911 522 863 125 439 265 726 231 581 1014 248 
  452 374 706 800 700 610 387 370 132 856 177 519 339 771 761 391 928 460 084 184 724 430 902 574 594 985 816 958 982 974 182 000 101 578 570 978 654 363 292 559 213 041 675 510 643 305 355 1012 665 305 892 064 090 974 503 612 765 054 398 091 373 1017 511 581 120 061 226 388 925 300 803 126 228 954 402 354 694 582 255 
  737 838 075 479 826 626 570 915 048 017 515 163 242 162 180 203 666 263 196 157 203 731 227 546 797 392 724 846 885 093 314 259 1019 419 636 852 454 001 016 614 521 266 683 038 303 623 064 964 682 751 001 964 311 785 168 067 389 296 734 531 100 901 666 650 138 536 989 388 383 328 726 817 681 920 655 503 737 407 210 
  189 429 1005 237 089 961 739 460 389 952 290 942 171 104 557 667 666 401 326 711 549 396 257 875 659 886 427 610 051 046 563 430 616 861 739 035 867 280 424 898 555 882 825 069 171 213 121 434 460 680 457 104 406 592 224 1006 695 079 821 544 835 569 030 365 669 740 216 783 003 851 290 274 573 258 029 1015 173 486 638 
  961 703 985 613 022 533 327 955 826 622 577 960 751 772 431 061 716 824 897 337 351 197 304 395 920 941 067 460 848 685 139 033 101 805 338 269 612 502 778 538 346 805 047 624 137 196 601 296 134 388 037 465 178 757 835 055 593 460 562 173 873 471 256 757 253 825 361 772 961 804 543 916 975 302 416 546 639 191 998 
  266 184 392 663 537 928 587 582 494 783 934 333 009 883 681 818 110 700 732 140 640 920 993 691 642 051 955 657 912 623 610 814 383 233 224 739 967 868 892 325 020 162 459 740 896 236 821 949 914 282 312 274 073 353 576 202 145 038 661 364 624 716 501 246 102 688 182 178 759 786 099 719 518 664 124 400 436 648 187 
  483 371 1015 836 423 673 649 151 163 942 585 107 230 453 945 017 720 895 027 668 965 931 457 481 352 484 173 164 243 499 322 1017 002 849 429 975 837 236 748 035 1019 120 164 468 006 583 465 856 950 933 198 118 295 975 948 775 855 135 350 955 416 586 365 378 860 366 432 306 579 137 528 687 713 947 918 290 571 375 600 
  025 663 440 015 423 359 213 552 450 681 216 891 569 121 166 701 484 952 712 743 190 221 013 809 369 084 413 437 345 432 133 730 037 081 724 877 979 922 168 599 979 561 058 137 750 553 494 013 743 636 070 606 120 834 391 589 508 080 447 635 186 891 500 863 076 550 230 950 791 263 466 181 631 819 700 137 848 710 102 
  475 140 819 295 582 087 963 717 609 485 792 973 466 189 581 852 131 839 331 932 647 648 338 549 687 701 719 619 029 164 708 847 908 405 356 780 848 987 504 758 666 863 1009 643 720 274 254 489 875 844 072 959 561 863 296 921 859 831 997 204 044 624 974 870 366 484 936 960 059 145 918 573 246 491 663 096 336 985 056 
  143 368 549 692 883 369 769 676 455 354 787 676 483 224 997 257 926 950 742 234 452 147 1004 995 095 288 591 242 553 455 587 264 828 814 291 713 501 811 900 418 1012 487 696 871 639 450 100 598 754 112 023 087 602 043 160 361 359 262 227 416 134 134 255 352 091 345 426 723 733 566 415 444 411 718 331 896 362 553 921 
  826 654 842 993 395 297 195 351 169 052 064 604 972 264 225 990 309 547 895 607 773 092 089 938 387 012 895 444 379 253 672 189 232 195 282 122 019 234 964 186 959 347 181 487 221 668 453 668 990 670 316 696 503 873 499 595 076 787 661 646 885 167 945 973 546 155 003 713 522 968 821 138 443 1011 406 970 769 307 536 
  170 887 563 154 432 310 720 829 621 792 480 245 687 985 703 356 925 795 841 054 344 841 631 964 387 709 764 789 906 836 795 1010 970 366 049 640 120 422 849 619 218 283 830 813 896 436 871 390 255 929 499 148 184 837 644 953 684 134 281 965 221 009 228 473 462 241 307 655 158 293 971 607 182 162 719 423 462 775 911 
  036 639 888 829 663 349 229 592 689 916 913 211 596 376 856 241 037 304 285 242 055 012 327 909 893 373 316 783 115 301 020 745 928 805 493 163 161 198 846 023 372 814 197 076 172 671 881 437 502 320 119 980 547 107 033 638 691 905 371 764 639 815 867 802 795 994 133 135 1001 413 029 086 769 870 817 672 101 926 076 
  903 866 352 285 589 128 964 792 777 407 421 504 878 281 774 029 412 382 023 389 078 366 710 332 592 056 689 290 042 010 984 153 096 679 347 976 162 484 118 204 823 935 011 362 015 848 272 788 998 527 237 428 622 278 726 793 176 840 976 866 517 673 576 122 091 693 702 054 909 721 183 801 681 948 073 387 295 811 569 
  080 669 860 341 307 846 869 649 367 818 707 135 766 888 866 580 010 238 184 198 045 032 713 855 622 084 005 618 313 044 841 444 913 239 671 714 227 564 783 283 005 529 419 205 537 788 195 748 110 877 237 249 483 376 292 194 483 090 907 824 081 624 749 538 449 032 224 326 753 774 532 765 871 633 295 679 744 939 023 
  302 679 801 533 127 661 629 110 891 275 1008 552 765 475 569 456 875 110 401 151 777 901 415 877 202 024 610 280 925 761 851 149 222 297 778 728 368 518 712 442 456 223 762 366 116 336 053 849 892 014 020 800 376 906 759 369 977 119 042 837 252 227 106 316 264 923 466 540 226 202 986 355 550 549 595 269 774 720 926 
  059 265 127 714 523 114 630 089 552 416 979 810 994 611 461 353 248 967 776 732 967 468 764 497 074 559 180 937 355 857 656 456 389 192 944 055 876 770 408 1002 215 760 478 572 245 066 278 459 076 762 294 427 647 869 1016 937 067 390 157 824 987 287 264 028 034 388 543 480 420 997 552 564 373 525 876 220 596 315 283 
  097 252 041 974 596 696 520 333 676 1014 430 008 261 117 314 416 126 904 888 900 416 625 409 064 236 245 664 172 411 773 779 300 199 063 622 555 673 074 361 003 820 638 898 375 473 282 380 480 717 014 816 929 102 462 749 137 828 038 316 616 445 976 216 117 537 663 995 712 907 607 006 600 814 735 285 663 088 354 559 
  409 535 945 168 029 462 864 719 576 702 144 351 512 118 888 507 047 464 971 965 1010 623 894 481 066 521 518 592 512 339 053 699 031 456 713 628 687 138 927 911 071 908 974 708 744 630 151 095 1007 706 858 165 500 478 910 439 470 015 312 802 269 760 467 365 261 140 501 645 759 021 489 408 382 160 283 552 488 198 403 
  512 097 595 622 710 485 552 144 267 022 398 626 683 817 314 731 753 381 109 848 813 277 127 962 789 622 626 703 060 450 980 069 597 589 778 350 981 185 419 412 782 158 489 053 448 788 556 196 808 717 561 161 1017 881 278 816 259 593 717 1008 912 059 383 305 612 297 042 721 454 060 644 258 427 792 159 091 294 459 718 
  604 003 206 980 221 191 106 724 878 912 551 265 608 761 643 692 581 678 011 433 269 613 208 622 481 111 994 111 854 888 108 637 120 069 1008 534 541 548 983 297 781 827 560 940 815 524 852 195 475 141 473 137 550 496 919 520 118 511 1004 171 144 770 453 197 328 231 131 962 523 277 535 983 418 046 054 329 281 436 645 
  814 934 387 788 427 610 965 652 376 780 896 591 221 583 605 003 295 091 197 505 848 359 802 190 218 693 729 405 478 380 697 173 814 496 068 551 148 084 922 889 619 375 142 359 1014 200 098 127 168 399 820 797 935 473 709 229 623 695 134 662 493 763 732 917 971 857 906 288 852 129 173 667 543 971 907 222 681 440 197 


x
 x_1: 109 965 673 019 237 648 840 373 834 280 902 555 039 299 146 456 798 530 232 752 289 125 495 729 614 744 489 004 561 846 080 945 409 580 474 229 454 434 612 071 732 431 827 855 037 790 461 804 946 396 765 965 478 343 509 278 096 006 782 208 473 655 602 079 726 021 550 533 754 610 170 651 676 329 325 168 367 880 402 
 x_2: 309 888 726 076 336 979 096 294 657 821 554 445 421 762 209 351 454 1010 081 810 105 511 653 1008 1019 109 821 571 990 486 1009 905 725 973 142 154 937 192 829 110 883 907 687 086 661 245 440 542 110 584 188 243 206 171 016 066 312 896 663 191 227 568 560 627 941 576 215 129 445 526 099 111 525 931 956 046 663 677 412 
 x_3: 101 293 332 804 804 477 789 1015 109 454 683 738 551 888 131 730 365 008 599 851 010 053 375 440 267 196 959 503 528 260 512 072 005 197 501 526 536 588 080 418 251 895 404 117 353 938 019 616 461 988 072 863 917 522 578 051 045 624 212 135 307 062 409 173 843 451 506 795 800 423 842 887 104 962 003 059 475 193 351 


y
 y_1: 453 279 668 045 316 325 363 241 948 459 784 152 207 756 226 1009 814 731 960 999 020 848 589 1004 075 405 360 664 774 638 102 919 700 221 454 
 y_2: 131 390 365 641 200 008 734 971 366 285 822 288 706 794 362 101 049 424 907 638 332 903 865 008 141 006 451 098 971 321 528 424 067 912 467 
 y_3: 563 749 444 833 010 882 377 442 154 894 684 650 946 932 204 726 172 838 772 1001 344 1012 574 654 228 478 807 505 372 183 687 479 311 811 172 


pk: 91618fe99a8f9420497b246f735b27a0c55dc4690b3c15b5563cb42f073126cfd02b4efc2e6f0bfcf91440dd24fb4b548616a606fb69c6e5bc7663dc2086b51528320878bbbc5b1dd90c92b01aab55460ca82dee275387878d4023060c27c6f2414188da10904f3763bbbc05ad80dc79e9a689dfac2a2a3be9cc58cb8ad104a78f15fd3e3a4a8e7727e747d72daf7e77d3caac00

sk: f9c129948d41687478431362ce74a0ab91618fe99a8f9420497b246f735b27a0c55dc4690b3c15b5563cb42f073126cfd02b4efc2e6f0bfcf91440dd24fb4b548616a606fb69c6e5bc7663dc2086b51528320878bbbc5b1dd90c92b01aab55460ca82dee275387878d4023060c27c6f2414188da10904f3763bbbc05ad80dc79e9a689dfac2a2a3be9cc58cb8ad104a78f15fd3e3a4a8e7727e747d72daf7e77d3caac00



### SIGN ###

message m: 0000000000000000000000000000000000000000000000000000000000000000

mseed: 9b4e441bd6a749877799fb711d6d1f45

salt: 5e2cab5b5766a64515d7c7ad3eb675c0fd08eebbebbe669bae6001865438d89e

 Round 01: 
  theta: d13f8022fec1a404ee3f782351963105
  cmt_1: 18023d9198a687adf97f730f644ceadb27f973ebb67ffb5911f21886388426ef
  v: 123 323 258 917 876 483 280 599 148 577 235 172 794 996 858 25 452 596 801 521 949 381 48 2 599 658 728 824 105 369 929 60 892 919 19 841 987 586 730 632 25 926 539 170 636 199 438 292 799 411 874 955 589 701 700 698 854 658 302 472 738 351 747 366 68 232 980 513 989 571 3 538 537 653 235 496 91 860 700 

 Round 02: 
  theta: 64f71dbb0a743ca41db79cf422a29ff2
  cmt_1: 9ec932461a6143306c3317908aa6dc4996362bf5cfc70bb2686c89e42d2af532
  v: 334 1008 714 397 100 890 724 492 3 771 518 775 720 210 87 909 665 447 209 446 73 299 438 820 643 858 39 567 688 981 738 142 687 559 365 844 630 822 585 39 934 556 744 75 40 163 111 957 669 497 550 299 585 269 712 456 899 414 937 133 100 737 259 777 378 61 993 118 717 96 882 674 705 607 983 516 178 36 785 

 Round 03: 
  theta: ecb9388bd5e87b3aef17b9d185a1c0f9
  cmt_1: 9c8746c428cd925e62df201045bbe7fbbc7f1f98f6c8f3f763138874ab6111af
  v: 553 678 766 248 990 127 886 832 20 718 243 992 57 284 425 347 415 370 357 925 1001 858 174 931 674 81 731 793 733 977 382 949 443 895 61 176 188 139 131 594 253 170 366 277 945 252 681 581 944 652 166 865 598 499 783 223 814 395 799 408 593 854 372 97 709 647 585 899 286 727 66 14 439 350 670 482 853 168 151 

 Round 04: 
  theta: dbc243ef2c0cf0d24329be9e738b4f17
  cmt_1: f2b82bfa79ac74e20fc52565e28454b899a12f5bf3ef0685303d17ee6de83460
  v: 379 944 1017 932 624 781 821 51 101 976 522 326 504 510 250 987 302 160 635 141 365 300 405 466 419 143 632 392 892 706 664 979 794 194 305 478 468 145 905 56 580 948 896 33 892 595 287 811 808 915 888 611 917 179 147 190 840 643 681 548 453 281 697 750 595 745 164 819 345 870 777 126 897 874 235 19 657 920 675 

 Round 05: 
  theta: ea85653c35c8518679c0508a38165eb3
  cmt_1: 6587952e59b24c4c362bd1bc691b1b1c3e01f9f1e0f079060780572a1ae4f4dc
  v: 116 56 811 552 295 216 624 72 626 922 699 55 83 432 1020 955 443 101 374 235 215 729 988 593 924 987 898 543 356 642 471 907 646 521 101 36 182 458 611 73 68 370 549 195 438 15 927 946 154 10 537 342 8 76 660 103 284 360 982 389 425 290 621 393 732 222 402 534 562 322 348 862 144 768 547 897 736 906 711 

 Round 06: 
  theta: 782cdf9ef19bb95c5f12e232fc90459d
  cmt_1: aa913b00375cd7f912784f920b5ffcf5f84a20d1750e2d5d913ec6fa099843ce
  v: 262 370 654 788 732 908 587 476 105 625 603 302 894 961 587 607 15 866 95 105 88 493 24 943 19 82 517 685 535 567 886 372 703 579 769 639 977 365 501 192 128 141 1020 265 142 950 334 841 235 210 163 967 810 252 925 264 998 446 672 165 556 276 337 780 319 645 391 489 951 703 57 341 750 226 158 882 73 687 667 

 Round 07: 
  theta: 8c7379ef25b73d091fa613345ddba229
  cmt_1: 349f28502440aff68092709dde8dae85767c113f5f4f59eea3ac4f7b2474d3d7
  v: 197 222 251 920 534 512 687 568 32 761 183 362 435 832 218 327 449 233 785 682 98 182 127 699 643 785 848 5 475 33 110 656 595 489 103 392 917 297 630 338 374 869 650 937 295 13 148 788 465 566 289 218 158 201 250 303 435 428 890 183 92 207 237 219 152 609 5 239 816 6 710 245 196 914 624 377 339 3 571 

 Round 08: 
  theta: e235c042bdd412ecc6baae77f7bfed1c
  cmt_1: 83632bcb506f71e841083aa801a542275466b87dd1528b90549094fa32f87a72
  v: 36 465 737 684 769 283 91 761 736 485 591 508 114 473 393 510 776 757 201 761 998 36 50 439 919 854 318 749 128 562 179 11 497 561 640 773 1019 622 699 760 118 947 911 567 622 670 891 35 361 552 587 498 160 588 939 286 296 785 123 688 588 661 414 1000 15 769 456 787 905 470 287 625 215 908 460 908 427 383 372 

 Round 09: 
  theta: 560a6aafda8d4b62fd8c92b57400a0eb
  cmt_1: b348b49940b8a3df9cbc64f63d7a727af72050fe2b3fe21ef8b1e7dff9097cb4
  v: 394 843 958 982 305 234 349 767 459 160 392 631 653 999 940 551 767 560 712 851 825 831 217 406 848 496 195 724 969 151 760 159 380 856 3 190 73 404 785 1 188 149 238 872 715 124 899 648 982 565 416 241 720 112 894 939 981 184 720 592 618 262 934 932 329 825 37 290 986 112 861 984 520 161 35 331 1010 640 318 

 Round 10: 
  theta: 8d15df35f2703ff89a8f56ff85f84e04
  cmt_1: 1b1640a95646c603f1cdbb22a6d486e4bd0b5c139addfd4895c2c34e5230cf13
  v: 304 311 890 223 614 640 888 677 707 264 115 659 116 720 943 6 585 141 973 903 592 1003 415 997 204 954 908 350 103 174 712 405 835 212 381 343 254 927 154 147 920 54 756 547 856 21 718 533 932 664 408 646 115 735 821 880 899 177 778 284 142 344 289 594 582 994 106 834 38 467 578 293 332 616 206 366 737 617 201 

 Round 11: 
  theta: e51d2f7f6d118f007ed0cfae5d693095
  cmt_1: 5fa9b2bf3b6828da2fbe4c660c2532b1ea9583f62a352b4944b827598b3eb111
  v: 431 928 962 746 626 382 62 710 972 127 77 615 0 189 51 447 999 645 2 47 512 765 672 439 7 365 98 428 281 363 433 190 631 463 181 806 903 771 969 994 497 873 866 953 214 293 919 330 773 996 62 818 563 967 830 672 847 825 992 422 925 862 1020 991 29 516 621 437 521 452 860 798 113 200 690 722 779 283 374 

 Round 12: 
  theta: e9012ef8fcb0bbf35d6d8ae10563c1e0
  cmt_1: 2bafaad141fe2dfa92a1dedf79a76c0a6b7c11e4182f53c913f9474ac798eb6d
  v: 473 581 263 793 65 932 448 259 170 614 103 819 1011 426 266 16 877 532 267 56 85 715 598 829 75 686 861 609 190 1013 202 121 368 163 838 899 747 745 919 858 963 569 327 857 668 523 893 709 134 690 466 813 639 212 98 433 281 698 948 769 549 75 458 942 364 204 503 86 645 1017 308 535 355 800 579 686 776 330 637 

 Round 13: 
  theta: c25902dcc6bfc5149f5d25c7bff1682d
  cmt_1: 5ddaa738df2a306a987f9873babd1b4df22b1a6cc84dce23647179d7abf3388d
  v: 489 529 298 829 675 228 284 350 54 542 492 743 657 632 442 83 433 101 809 730 713 59 110 132 610 162 918 189 15 492 964 817 808 412 322 530 200 922 644 965 819 841 677 773 873 325 234 511 742 204 304 843 490 501 158 722 18 970 417 721 703 340 839 959 297 1019 855 328 191 346 985 365 213 537 598 775 815 647 588 

 Round 14: 
  theta: e431afcad2c7701e4c8fb6f3c7aa1a73
  cmt_1: 37d050d5929fa38c8801160a0167f4afd1fbbb6c96772424072a59fa620ceb26
  v: 963 561 717 779 779 698 23 73 916 711 874 876 702 564 462 1007 13 459 249 517 293 532 433 23 72 520 708 201 885 654 363 763 627 532 948 226 298 429 98 481 302 847 574 589 222 755 689 255 649 115 626 650 353 130 301 1010 243 628 672 228 935 934 336 951 660 953 673 599 648 80 104 1009 657 786 751 996 641 573 900 

 Round 15: 
  theta: 143d1ca7630d4823f7e36642cbce15bb
  cmt_1: c398c31bea07b75864b87c5b71df197e5aedafd903556d881717367147b6a327
  v: 719 396 547 882 375 313 382 754 270 607 485 612 660 5 833 69 450 385 911 301 965 751 396 459 153 68 618 874 120 950 637 225 256 15 944 510 711 580 785 656 848 554 625 378 61 687 238 722 484 679 849 595 965 408 1008 571 279 917 82 309 158 538 90 547 49 994 389 475 109 441 362 124 344 864 27 981 552 784 696 

 Round 16: 
  theta: d5b15efed7829e3d8ae503cb3bc6f77a
  cmt_1: 4b453c2fca92fcf480bc0914d096e135234871e912a3ae89f8505fd733711dd6
  v: 559 310 205 10 351 63 532 473 333 21 628 858 553 32 161 934 547 964 244 576 715 533 652 939 440 555 112 87 618 198 538 445 877 443 572 233 391 612 410 551 375 755 198 210 830 744 994 283 461 370 560 702 970 647 326 237 534 563 100 175 424 1000 495 415 1013 134 550 690 81 189 301 307 69 268 41 769 152 394 306 

 Round 17: 
  theta: 8157170ac18fdc7d27287b4807cf1b1a
  cmt_1: 4dbdc216fa08ac0508a5d5bb41b641a074480f37e533f3ecbdea92b2ece87761
  v: 696 534 319 366 294 205 598 739 180 910 1002 837 728 312 389 859 952 768 229 512 507 842 134 250 456 212 881 490 789 419 940 747 10 983 754 927 352 393 836 1000 377 247 974 223 733 722 551 94 938 150 918 38 932 181 406 147 551 777 971 151 633 602 738 690 911 825 521 309 442 197 59 644 716 207 59 693 37 36 266 

 Round 18: 
  theta: c3e6ecc59ebb2c3b419224c7b1831711
  cmt_1: bf1aad24e934e3b0c79dd6d15ead7f7f4eada02e8e346d52d5b3e218dde81173
  v: 652 17 826 548 400 821 684 368 485 232 825 307 852 671 201 132 1017 289 461 948 599 276 981 989 48 986 203 143 714 755 724 797 752 426 676 764 581 412 39 462 156 678 385 278 788 153 158 939 767 516 777 141 718 509 683 865 840 39 665 688 463 599 768 353 633 914 20 977 572 598 585 259 306 832 346 394 845 40 117 

 Round 19: 
  theta: 599f82602685ef09f9d9ddb62654d539
  cmt_1: 005ae1b4746ec5eb25b3419f1759ce8d1b629fcadc3724f20d5f6515c5575530
  v: 841 76 258 563 729 607 617 400 544 347 826 206 594 99 213 160 910 364 497 212 711 850 748 118 391 58 8 309 128 607 247 998 363 968 980 418 140 975 582 591 191 310 401 913 863 174 104 225 751 318 530 54 2 315 929 202 517 49 402 121 372 150 495 197 576 243 168 528 806 855 115 623 146 377 953 718 50 767 955 

 Round 20: 
  theta: 2f894ffe5fa60704f00a851b6c8d9093
  cmt_1: dfa998f0f084ab6f4b34c49d153152aea197206a05a8f157a1a48d7a77af74ac
  v: 724 842 43 487 563 17 910 334 930 368 714 759 562 790 521 309 79 658 528 319 290 592 475 439 323 721 615 311 948 94 682 242 776 733 473 234 469 179 469 474 1020 57 686 411 761 121 923 1000 209 701 501 173 771 678 855 667 991 374 706 850 782 20 668 410 594 462 267 747 276 515 210 746 36 822 300 697 623 308 669 

challenges: 

 kappa: 
  kappa_i (round 01): 652 869 674 
  kappa_i (round 02): 069 174 670 
  kappa_i (round 03): 627 500 222 
  kappa_i (round 04): 412 302 337 
  kappa_i (round 05): 293 623 405 
  kappa_i (round 06): 735 1013 146 
  kappa_i (round 07): 194 781 938 
  kappa_i (round 08): 434 920 073 
  kappa_i (round 09): 815 870 1009 
  kappa_i (round 10): 035 498 079 
  kappa_i (round 11): 553 609 153 
  kappa_i (round 12): 586 902 774 
  kappa_i (round 13): 715 389 348 
  kappa_i (round 14): 980 723 614 
  kappa_i (round 15): 117 157 951 
  kappa_i (round 16): 453 759 884 
  kappa_i (round 17): 189 030 571 
  kappa_i (round 18): 729 162 971 
  kappa_i (round 19): 124 712 408 
  kappa_i (round 20): 789 086 055 

 alpha: 185 128 84 20 235 237 237 222 91 90 27 7 251 23 111 82 50 145 172 208 

signature: 

 h1: 796d2eaab8a698bdec93e6c5b1023cb9dae78dc839bc3a27f9a0d1a3e785db3b

 h2: cea143ca44943e263dd07aaaef1c9a92f056710fc7dbf2b270eeb2150f6508ad

 responses

  response round 1

   z1: 672 122 187 223 808 11 375 1009 239 817 183 884 396 364 135 289 829 552 370 396 156 918 834 984 280 607 892 632 666 562 1016 594 713 1002 955 788 826 29 431 223 185 955 901 334 984 932 1000 566 1006 697 331 691 422 412 144 556 753 374 598 897 143 95 546 127 557 18 914 12 938 74 129 365 960 270 791 218 871 416 266 

   z2_pi: 12170935340b2641290f2c020e452f0d3113101e162b0c04054c2a033243181149002e36243f282d3020151f471421443c1b4833373e390a1a27424e4b23014a08253d3840072219463a061c1d3b4d

   z2_theta
    z2_theta seed # 1: a00acb9a2ec73b7464b737e40d185da3
    z2_theta seed # 2: dcf336f89cc58e88aa838f70afbfe63c
    z2_theta seed # 3: 4e5d0510605660a0a3582921f3509a26
    z2_theta seed # 4: d0d313bb962b1bd4a4850c3130011734
    z2_theta seed # 5: 957fb0312f09726a42dd8b6e7457866a
    z2_theta seed # 6: 499791910f112b2abc4fd6055fcaa4f6
    z2_theta seed # 7: 5531423a4550eb2d2af7a59f002d1189
    z2_theta seed # 8: 63cd2e1ba07735c9d59944d8d52086a2

  cmt_1_alpha: 1d3bbb0c126379d86e9b33a2994777e0647706013e850577837f364ef2b1e177

  response round 2

   z1: 312 714 238 689 340 734 771 386 147 844 627 1006 621 774 1018 170 913 110 716 569 332 54 551 515 83 809 747 737 487 917 494 472 485 990 215 769 553 943 755 223 560 608 353 704 804 70 265 153 810 70 545 493 214 504 745 853 549 727 58 957 308 90 767 573 615 521 918 948 460 301 445 719 676 427 500 219 285 105 215 

   z2_pi: 2e153147333f2129401220361b4b390b4149283714061c4a4c3007181304094d1725100123053d11032b4245243e2a322c3b3c2f22271e4e0a021f0d1a4438352d1d460f3a4808260e43190c160034

   z2_theta
    z2_theta seed # 1: f016efcdd52e6f3b0c10caa6b5000788
    z2_theta seed # 2: 7d8594922ab2d89ddaf1e37b213f92d8
    z2_theta seed # 3: a1de13d060f331960cfc2da97ca4057c
    z2_theta seed # 4: f9e531a3dae65a8f1948f1ff905763e5
    z2_theta seed # 5: b26d8a75bba6ff0cdb02a954ff1f94f0
    z2_theta seed # 6: 543bb1a5127e1aba8879eabc2a394dd7
    z2_theta seed # 7: 19669f49d26c7da34940684351940e1f
    z2_theta seed # 8: 340b8f22c81d01aa7bb92f1cebc1ffef

  cmt_1_alpha: 71123624398b65b1d133d826a646664a94151fec97e1c4fe11baa2f5705c8400

  response round 3

   z1: 781 345 964 1013 242 718 881 483 532 63 1006 606 664 33 439 568 72 796 301 437 742 296 337 197 589 844 35 519 252 144 587 554 466 404 426 145 523 705 938 694 319 619 969 602 412 913 888 470 690 173 163 373 845 282 69 769 861 442 100 744 720 179 922 119 819 621 15 94 256 711 702 622 732 200 112 0 984 955 425 

   z2_pi: 020b394726490f3b193f223d3a4c070944204a1e0540080e41360432174d2c10012f3c00423016131533244e291d0d210c1f03122e3134381c232a2b140a433e37254827062d4535111a461b4b1828

   z2_theta
    z2_theta seed # 1: 3cab82cdc64af1e5cb0d4fda60a53b79
    z2_theta seed # 2: 58a24a827aeb9dca872c2ea622c3dafa
    z2_theta seed # 3: ca0cfedba2e0f6520e7f1683697163a6
    z2_theta seed # 4: 2025978628799abffaa12a06d3172997
    z2_theta seed # 5: 66d4d8b31c0eb7ee6ef7fd3c9501fafa
    z2_theta seed # 6: cb7e5c39ef52c364f4b12b62998d23b0
    z2_theta seed # 7: ed21cbae8eac193ffc949e5e140ba07f
    z2_theta seed # 8: e0695d0e04c0b9eb72ccc1eae7aaf941

  cmt_1_alpha: 98b5f3572fc58a11ad63c18f319ff23b7dc96f0947adda131792a160e19268fc

  response round 4

   z1: 988 611 91 857 731 894 768 889 317 605 420 594 578 531 102 593 405 25 176 340 161 590 801 280 444 597 203 646 457 23 995 901 922 608 104 909 488 181 732 983 211 457 295 191 814 487 407 282 516 405 753 478 977 322 523 142 822 39 623 525 921 29 424 858 154 880 583 701 429 625 205 657 253 315 697 410 506 927 406 

   z2_pi: 423c09353d492f440c383b4c08191b4611262024340528174130011210031e4d2a3e071337431c3a323f1d0039184e042b2d25160b362c310d15292248331f0221064014470f2e1a234a45270e4b0a

   z2_theta
    z2_theta seed # 1: 3b47fa9fe9fc4a24932cf7460a0f2da5
    z2_theta seed # 2: 2e5d28af1f1f742af9d5b50224fd39db
    z2_theta seed # 3: 14a609096eb987dd075073b6b886be4e
    z2_theta seed # 4: 06847f30a4d90612e5aa20e8a95c8497
    z2_theta seed # 5: bdafd8e5be374633d8303e7403c736dc
    z2_theta seed # 6: bf0c6ae9284540bfa7bcd067ef1a5d87
    z2_theta seed # 7: c50ee22bc098c33351cfaf66d41ce6fc
    z2_theta seed # 8: 1af958108e0a2285b132660ec96891f5

  cmt_1_alpha: 89710198524502592fd71e173d52be869d4ab67a22edbe7f8414c0967e6b07c1

  response round 5

   z1: 477 500 556 606 913 63 997 766 67 891 263 814 55 583 250 473 606 406 62 956 44 955 408 903 741 873 142 516 917 1016 865 495 764 349 212 216 12 398 73 55 405 961 831 629 458 777 315 329 104 520 559 140 703 930 349 253 904 25 792 612 623 366 655 785 195 501 649 124 25 169 935 135 499 89 152 67 440 112 455 

   z2_pi: 4d3427494a4c4502301b2444142d4e401c282b09181f061341351e150b01290e0d0c46121a37003a39472c2a21233f11083d2e4b430f221d3b31072f260a203e4225333638480504193c1610033217

   z2_theta
    z2_theta seed # 1: 01f3b753f1251786fe7130e528165a1f
    z2_theta seed # 2: b4920e1053f64cbb5d8cd19847d36baa
    z2_theta seed # 3: a86a14a656cc2d26c651d1cd1fedd113
    z2_theta seed # 4: 3b95e52e6c456b74d81ff285f76d7967
    z2_theta seed # 5: 9d3ca4f50fbff6da5bf5d525e6b450e3
    z2_theta seed # 6: 80f2f27ebe8364f8714c97f2ee047622
    z2_theta seed # 7: db2845c7594608fdb7dd06d4441f4ff9
    z2_theta seed # 8: cd9957375a461cfca34570dbcb237a9b

  cmt_1_alpha: ffb2dff95dd04f1d5f354ea11e30d0403755677972e35b19d77c5a621c9f8066

  response round 6

   z1: 306 713 412 879 209 740 742 731 553 376 398 144 870 532 682 419 125 57 81 601 909 75 226 969 492 519 267 176 576 334 22 349 164 413 27 435 416 391 669 730 884 378 266 826 218 588 926 90 326 969 436 525 907 350 883 448 948 788 666 271 155 147 593 737 778 357 600 596 812 814 147 536 786 926 215 586 814 851 713 

   z2_pi: 25364b300e2d0c431d3d1f0a48202928351a0f49183942264e03452e371b3e441c3c193a211e08152b4d32462a1317272f4a3300381047222c05043f4116074c11400b24090d023b34233106121401

   z2_theta
    z2_theta seed # 1: 6f27b8aa47000b03810b75562cad48df
    z2_theta seed # 2: 5ee894749828afa62e76873f5a106d96
    z2_theta seed # 3: 723074ed39d6a3e0b8115b8e1bc8a466
    z2_theta seed # 4: 192b7b9b32a2299d45508d59b4b0cf23
    z2_theta seed # 5: 212f983938ca68e73dceb9fbb0314918
    z2_theta seed # 6: d4ba46334fa8dbf5e4c69e2cca81c181
    z2_theta seed # 7: 84300b8a192b8d6e60e8c4c3425e7096
    z2_theta seed # 8: 3fab48e0384c9c45626f4509cdb4d5b5

  cmt_1_alpha: 3c9a22f8d5e7c246aa0a4c86e00041d0cfb715059cd2c24f3ebc6b5cde6ec6bb

  response round 7

   z1: 800 997 397 21 901 714 403 657 15 579 763 656 656 740 147 873 369 115 562 957 214 555 807 680 417 506 635 442 732 326 974 325 930 714 189 909 516 945 372 267 737 58 552 541 903 703 493 88 250 661 560 479 30 749 966 921 864 853 198 680 930 985 164 763 55 391 867 713 921 793 335 833 479 479 561 619 383 92 893 

   z2_pi: 2f4441351e27323f0a124933144a073e22240b0e26113913300340152a3804431a2b34084205213b010c02314c2825170f4d3d202d363c4e2c104548091c00182e1f0d2306471b4b461916291d3a37

   z2_theta
    z2_theta seed # 1: 1cf048005e31288cbae32d39e4223d9e
    z2_theta seed # 2: a8f707d86dd8386f33852f99b8f46b78
    z2_theta seed # 3: aedad5a8b70fdacc5efa47d38e65a4b9
    z2_theta seed # 4: 78c9d79fc5f93daef4b085e4fd90a884
    z2_theta seed # 5: cb8b690588236c0a4f35d388e7c3fa9e
    z2_theta seed # 6: ee1fe64dc9bb678a65c86903970a4e0c
    z2_theta seed # 7: 7b5c9525ab98082d13c4fd03f4cdd340
    z2_theta seed # 8: 78fe1dcd98962c83a56c8647d874136a

  cmt_1_alpha: f5a703cca576a928c27366ec31aff23eebf578f7ddae18cabac8140fbedc983c

  response round 8

   z1: 907 358 66 193 563 497 327 810 974 3 770 859 656 949 243 323 872 51 740 535 801 870 656 594 695 1012 441 509 128 114 470 817 391 1015 797 977 904 436 72 860 331 377 879 507 768 735 656 541 395 794 170 84 918 175 594 628 543 973 476 712 101 102 912 163 716 203 138 336 283 482 466 485 75 291 445 179 499 254 750 

   z2_pi: 3e1b2c2b32431e143806232715373d251a2009404703441c044d28490d0a054845181741123b4c0f2e2f0e3a014b3910291f3135162a2d00023c3f24220b4a4608343313304e421d2111360c192607

   z2_theta
    z2_theta seed # 1: 25fbe188e2e84ca407caa14f157866eb
    z2_theta seed # 2: 013804ed4e9719a07e19872734987afa
    z2_theta seed # 3: 70e4443702e2a767a13499a9feff4f69
    z2_theta seed # 4: 568224065e0b6b924c4ed6fd000b7840
    z2_theta seed # 5: e8a245f124fe8f301d621f9d7e1ce9e9
    z2_theta seed # 6: f04abceefefa000b48a4c36b1e6c3dad
    z2_theta seed # 7: ebac37049c8104f7e4dd1556bfca12e8
    z2_theta seed # 8: e46b38d14d9b517d9a27c0ca7b0a1777

  cmt_1_alpha: 4270e0d8564e019e066f3ecd253222aad64b1e447e805d05ec44adad4b333103

  response round 9

   z1: 524 504 425 687 625 735 477 588 991 362 1 363 655 250 502 906 444 497 889 26 115 472 713 1004 227 627 693 237 449 125 302 159 941 438 831 659 300 257 569 479 837 273 17 524 92 880 151 624 350 535 706 389 983 658 318 599 283 404 839 820 423 44 496 358 739 454 616 44 592 867 124 957 709 380 878 828 707 892 752 

   z2_pi: 1f2337462d45261e073a0b180d27143e0448034e130f332a35313039053f1d342922000a0c111b422e16433238093c021c08440e194d1024494b013d3b2815122c364c064017211a20412b254a2f47

   z2_theta
    z2_theta seed # 1: a05d9a2e4fbc438dde76420044ee9af9
    z2_theta seed # 2: 4903f985b844e06753da4a4f0c9cdae1
    z2_theta seed # 3: 0af160396b0df2dccdb11614670cf782
    z2_theta seed # 4: 9f4004561744fb03160788ada3e0dbea
    z2_theta seed # 5: f0fa2204e45245352bb6e76509db07f3
    z2_theta seed # 6: 97d67a08c7138afcd3786db73f73ca8f
    z2_theta seed # 7: 9619495e3b156e23d113cddbb054ea9d
    z2_theta seed # 8: f86f664cc3b922f264e206d1f5af4362

  cmt_1_alpha: ef5367947b85ba610da395c4ad6a8dcb2f727a81f1257a7b9be25729c2cf4e6d

  response round 10

   z1: 953 69 690 194 858 67 881 306 705 24 363 428 230 600 313 451 295 993 963 694 340 117 571 585 492 827 995 64 936 320 191 810 5 544 430 435 842 608 167 971 110 403 571 162 492 818 372 225 167 585 12 523 392 159 337 467 901 561 610 678 976 515 567 672 666 829 482 574 388 511 306 151 434 131 123 630 592 385 632 

   z2_pi: 4047324138093f3e061f45461418022a421015300734284d3a05313c1d110d16220a01431a0b25351b1739270308212f0412202433290f4b1e4a2b3d3b492c4c2e0c484413371923361c4e002d0e26

   z2_theta
    z2_theta seed # 1: 4cf5d7e0e64697525f445a128def55a6
    z2_theta seed # 2: a05f0f4a9e9ac64c7bfcbfa7d4bb3664
    z2_theta seed # 3: 3fa0ef35541559344f7d64998a711056
    z2_theta seed # 4: 1e4eba860233020e2f8507d3ee80ad12
    z2_theta seed # 5: e9ece400c268bc06e171384ad0543b0a
    z2_theta seed # 6: 8086f2a5cb9331db553a51e34d40bc24
    z2_theta seed # 7: 6ecf811c4ba149da9f8028dc63dcf0c8
    z2_theta seed # 8: bfe8e4fd3b8c796cd3eb3a2b2ec885ff

  cmt_1_alpha: 79a2b27b4615d75a03723129d00a33efd069f89c36cd56630069ed1962819ba8

  response round 11

   z1: 135 694 182 57 182 177 730 747 575 885 213 629 648 194 325 899 751 747 126 599 929 493 646 730 375 476 351 596 307 916 753 124 116 411 917 3 531 690 210 256 102 926 148 386 969 917 197 699 891 32 400 198 675 945 412 903 425 774 465 473 392 449 887 902 129 1018 288 392 344 801 692 244 280 501 135 686 511 349 510 

   z2_pi: 23142613210a3825441d4a462e16043e302f393749282a43314d42030b1e15414e342035361c290c240112482d114c0609081718024032193c0e47270d2c331f3b45071a4b2b10001b3f3d05223a0f

   z2_theta
    z2_theta seed # 1: 4ca89841017fddbc47f04a0b0b994709
    z2_theta seed # 2: d784c7b0f2d2e4015beaa14e454f2307
    z2_theta seed # 3: e2a6be171b5a6c12b884fb8491b4902b
    z2_theta seed # 4: 7d0fc46809889daf20dad405245f562b
    z2_theta seed # 5: 626bd471d487936301e2f3b3d084dd6f
    z2_theta seed # 6: 18b45f9eed1d7e8eaa3d36e124353a7b
    z2_theta seed # 7: f7a579651e7dc8c1c7f14a5f32138daf
    z2_theta seed # 8: f4b50d74749f8d20db47bc11dd1a975e

  cmt_1_alpha: f083251ee9513015a146b8f69c482e1ca55a66847a644cebc01b3ee75efd8eb5

  response round 12

   z1: 163 526 650 299 951 687 974 354 800 7 512 106 443 173 678 305 759 387 151 195 797 434 853 482 90 31 846 218 756 380 503 430 336 758 817 433 193 690 499 644 478 136 59 42 76 554 868 867 24 693 108 988 965 380 47 412 378 85 131 191 327 451 568 952 725 33 919 184 18 651 595 664 507 655 231 978 488 1002 508 

   z2_pi: 3a1121430239251b4808311e3f201436422c2d0b3e330335493c0c1d381a2e24004e4140234c05321215450d294709282b061804300f1f37272a340e13071744104b2f3b223d014a1c19264d46160a

   z2_theta
    z2_theta seed # 1: a4fe88bbf973395fbd804c75f32ee11e
    z2_theta seed # 2: aa7edc47d0f6832149736d5e4563fde3
    z2_theta seed # 3: c4075535154244f3bf9c0ddc011287f3
    z2_theta seed # 4: d927f5b1ad6a3f2a4ba62dff93923f77
    z2_theta seed # 5: 3d01bbc6670fd7c1520fbf5cebcf7c4a
    z2_theta seed # 6: 7a7eb4ad528b62250ac91910a608efae
    z2_theta seed # 7: 50f293c7a4963aea68083edb5abd3fcf
    z2_theta seed # 8: 0a1ee43a0dc9216af5e290b47784bf93

  cmt_1_alpha: 0b15e3dc40014987f0506da07ee54fbacd3287664c4cb464564fc2305a64de10

  response round 13

   z1: 320 410 505 996 149 346 16 540 627 796 892 481 832 180 350 448 341 60 1004 150 555 64 242 55 527 755 472 227 921 981 257 850 410 408 727 837 682 364 482 916 340 422 349 166 88 782 616 566 80 764 120 342 396 340 782 969 81 956 741 415 500 973 359 753 56 344 474 60 795 639 73 515 392 763 784 868 555 460 825 

   z2_pi: 4c1219450811143525013703292b1e1a4927052a1f42042f181606463b15210d304e333834232c10444739021b2236410a3e4a2e482628323f4b1d130c2d09170f004d1c3a3d404320240b073c310e

   z2_theta
    z2_theta seed # 1: b707ef0609ad677c3b50bdfd6fbb0a9c
    z2_theta seed # 2: a4267d15eda76c5ec4331c6c2f38fa40
    z2_theta seed # 3: 078cfa06462c990372406e5c2b219260
    z2_theta seed # 4: aae6f2fe980ad22811dfc1d22c698470
    z2_theta seed # 5: d26e69f95e6df175fba9c3af8bcc6145
    z2_theta seed # 6: f8ff812321f9fd7d1f1deeeb42e1f733
    z2_theta seed # 7: 9e655dd1e3014b9a560169a7f5bdfc8a
    z2_theta seed # 8: 0ee0c9d88a03fb017efbc69d8d986785

  cmt_1_alpha: 954087a7a4aa88f17a6ca7894c5a8a87a0aca9644f4939935c8d8bc4695daef0

  response round 14

   z1: 968 53 838 594 743 832 612 690 271 444 128 736 791 410 204 244 336 33 104 309 36 828 839 447 763 132 286 170 360 924 733 814 139 501 376 818 371 472 136 723 399 698 941 38 524 54 777 481 304 708 598 752 234 480 895 812 590 260 222 610 270 522 342 177 17 1013 132 414 201 815 404 129 881 353 30 244 50 560 783 

   z2_pi: 151b2e192c03084e2321252f3b434916342b180c390a0d123d1d400130331f0e1a063a22411c003e4d46294205103c32071702452809200b4827143713443524112a1e3f364a0f314c382d044b2647

   z2_theta
    z2_theta seed # 1: 49e6d5651ecf53b74cf114fbb6264302
    z2_theta seed # 2: 79981330c4e9c0f163826d2b968928a6
    z2_theta seed # 3: 629c0f63b3db719760dacbbe6aa6642b
    z2_theta seed # 4: 4399b9a5fca3bdc00e6e7353bb5974e8
    z2_theta seed # 5: 56ba902dcc86b5daf10fe8cefca3a63b
    z2_theta seed # 6: f1f6aca51b3339a1d8a30a55618bfd72
    z2_theta seed # 7: 94b7ff82a83307cfd0d449db80caaf30
    z2_theta seed # 8: 4efda81654aa7df8900199ad887a23b1

  cmt_1_alpha: c4da1a01a985256697ce7d9bb0a17ef205e8bc4369f899c77bc4da7ba5c8fbc9

  response round 15

   z1: 487 621 345 582 933 563 403 425 553 154 711 1007 184 633 65 415 877 169 253 209 775 213 662 633 979 390 588 70 763 630 133 218 400 108 482 73 909 263 832 218 342 739 69 553 591 426 527 678 548 760 258 779 190 220 250 216 447 186 815 815 848 424 464 733 353 202 553 738 887 457 700 128 620 21 1014 132 848 599 346 

   z2_pi: 23042d340844383317164e1a4d470f2c240c013f141c2f3c18400a002826212e450d491f354a0e4b4c251b3b463a2915313e3706200539430b07031211272b1d30224841092a42363d02101e131932

   z2_theta
    z2_theta seed # 1: eecefdd221e9ec433fd79a332f5cc84a
    z2_theta seed # 2: 7232d3e6ba4077dc39f81368750fb447
    z2_theta seed # 3: 470fbd1becb53cd9cc059cf025fd1c19
    z2_theta seed # 4: a35fd5f03d572437f6c98afbd8cecbe1
    z2_theta seed # 5: c5a634d8f5dca190104b8c5f1a9b89b3
    z2_theta seed # 6: e720972c3aaa025d8704a749b0f469d4
    z2_theta seed # 7: 3552b0928c5fe1846f4c6b85cc884675
    z2_theta seed # 8: d481c2b272153d2fb8caa9485601f1bd

  cmt_1_alpha: b8a7a417afef8d3aabf8529cdbe117008c37a5d107ab9b2181200ed48d8814b3

  response round 16

   z1: 942 951 799 725 835 275 95 509 256 558 342 464 90 104 645 352 759 764 259 14 289 279 662 832 106 310 175 644 499 683 1004 629 962 989 173 780 772 797 559 485 513 897 855 117 132 75 296 1004 407 838 759 916 448 901 164 983 702 160 297 161 27 419 267 702 502 232 711 692 993 88 521 87 961 656 605 535 673 497 560 

   z2_pi: 223c084d463423243e36324718032b4e1649281543331040192c1a420e303d411d1f0445484c443f37120f060121261c1b39252920090a3127141e02384b17130c0d2e072a110005352d2f4a0b3b3a

   z2_theta
    z2_theta seed # 1: 15a81852e4fb912936acac1af864341f
    z2_theta seed # 2: 82b3c9b43f89d7e39623049a0ee87cfc
    z2_theta seed # 3: ec684aaa358258f4216f8abdf0071949
    z2_theta seed # 4: 62e539582f5fbe1201edb2427b1df6b3
    z2_theta seed # 5: 15eaa9973367f68bb6a3d1174612e7ba
    z2_theta seed # 6: 92e3267f7b3128762c66fa98b040b14f
    z2_theta seed # 7: 99a28307065ec7566260b97ad88f69e1
    z2_theta seed # 8: e370ae229ecf1ab9254d40b7c9c4ef14

  cmt_1_alpha: 38eed52ca328dff699d86952b8a796adadebeed7bed1e02f2d65eb857cbaba39

  response round 17

   z1: 51 946 823 579 175 328 689 942 353 3 621 801 41 16 232 500 779 325 705 776 310 873 560 882 946 859 821 631 39 184 253 75 399 530 974 366 333 524 102 833 896 67 919 187 32 657 689 411 86 262 377 610 417 577 538 418 989 837 191 513 630 645 889 235 84 654 509 471 871 929 140 739 655 421 45 536 292 221 1006 

   z2_pi: 4d2a1023122c36292f20091e2b003a043e3f371b1d41302d444b11331a384819433c013b3431182521150a394e2735022816243d0e2e0b460f03050d1f4214084a072245171c49324c40470c061326

   z2_theta
    z2_theta seed # 1: 47717b3aa37330440e3b8712fd353fd4
    z2_theta seed # 2: f0b7a9c2c5a22fea98be25f3d3aa0daa
    z2_theta seed # 3: 1f48a9d942db533691e06ed2befa1cfc
    z2_theta seed # 4: a1796c825073c3d934c35a6de3d45a66
    z2_theta seed # 5: 9e3a256557d654a04a4f2c8592e0bf78
    z2_theta seed # 6: 000901a477f47d0bf04cb404557f301f
    z2_theta seed # 7: d84aca6e6a71e44ed567e024b1b43fd4
    z2_theta seed # 8: fc816ca15b4df06b328f6dda751cd6b7

  cmt_1_alpha: 3fb2e7b76474c7f9ddbb1f3f67da7bb2e79edc06138dfe707de74ddc3dba7d13

  response round 18

   z1: 57 490 462 665 424 171 770 358 59 753 85 400 689 4 935 993 954 179 106 219 50 493 616 992 803 652 360 606 249 417 352 239 652 973 817 570 1020 151 885 898 961 940 657 127 354 572 456 347 753 421 64 700 51 635 672 542 734 261 4 0 191 806 414 798 109 385 541 165 154 370 713 916 174 783 526 463 453 986 5 

   z2_pi: 3410152130013b433e36224b41272e232948261f0b00201d1c063a173925052b024e0e44313503401a2c0d094c3c193d32124d2a2d242f044a33424716141e4546490a0f130c071b28181137083f38

   z2_theta
    z2_theta seed # 1: 95d40255e0d7054aa7277577bbd8049a
    z2_theta seed # 2: 4c6a962451895fd400a8d695e8d1809e
    z2_theta seed # 3: 547d2a1e56844365a1cf9c7076191b09
    z2_theta seed # 4: 95d42011183c419b4ad55e4cb45140bf
    z2_theta seed # 5: b2302f13c4c27368d6f3b4751cd0a99b
    z2_theta seed # 6: 2564bc163b925cc98a0a5f8b7cacabbb
    z2_theta seed # 7: 056cb06b2f4b2fb957880acf85d90d47
    z2_theta seed # 8: 4d6db604b5c257df0af57a8d699abc7b

  cmt_1_alpha: baf8bb433b7ac593a8a3a193c74d71f6f9b5b0be6759d7a2f2b3eb29e5241aa0

  response round 19

   z1: 370 701 126 920 336 209 433 1007 897 955 542 493 232 583 756 234 197 238 180 229 611 265 191 509 726 933 806 221 158 378 83 314 258 330 499 435 174 540 539 80 483 74 108 593 997 126 730 719 743 440 171 112 98 10 398 79 502 776 158 974 113 213 445 1002 206 249 876 697 278 866 1003 788 745 68 202 634 956 418 286 

   z2_pi: 143b44340b0811390d00331c4e1907034931423046272017291a4c43382a3d4121120e470f3e37454d2d25360904354028223c2e1f1d4b0c2f48230113241b0a3a06052b4a16022c3f32151e261018

   z2_theta
    z2_theta seed # 1: 6970431be060ec8d022308aaafa7f738
    z2_theta seed # 2: b9d1f5dbb8a07eb28037ce3377ab1caf
    z2_theta seed # 3: 300333cc845ddc4dbebc4c7fb52fbeaa
    z2_theta seed # 4: 4762f4436bcbbd9fb956478550c0015f
    z2_theta seed # 5: cb624cc178b3c6f9053bfa1c6ea90d20
    z2_theta seed # 6: d0c18992e319a8a09f20ef0e889c1046
    z2_theta seed # 7: c6d446e631d2bc01695945505d9694e2
    z2_theta seed # 8: 9c06a6acd8691abca7e74e762e067ef5

  cmt_1_alpha: d2e9c2048222f598723cf700e27437ab2cc630267cc4cd2aa2e059134c8a267c

  response round 20

   z1: 188 255 451 635 1006 487 825 464 753 468 423 81 969 866 11 1010 970 47 994 930 665 144 219 680 979 829 589 740 30 632 156 432 61 824 669 446 372 899 48 557 384 97 365 189 947 639 892 561 384 280 42 951 231 338 288 998 562 387 724 696 415 218 443 17 395 416 37 594 901 155 580 675 390 806 619 471 856 457 326 

   z2_pi: 4e1219151a44411e05462d2c29384a1d10250d09483b200e2f4304281f0f3f26081b332a232b47300c160132453640133d37033e141c424d0a3431213c22240b113a35174b02072e2739491806004c

   z2_theta
    z2_theta seed # 1: 7afd3bc19860de083b21ae99beebcfd2
    z2_theta seed # 2: 1ca0e0dd3a54f12895832933b4a43206
    z2_theta seed # 3: 1fa6456bf8b16836eeb56dc6ea09c383
    z2_theta seed # 4: 6d4501ed8a4e3ad2897b3efe86d9eee9
    z2_theta seed # 5: 483a7d80f11a98bb33bffe1bea52af27
    z2_theta seed # 6: 937bf306475c7ab80c153175669c290f
    z2_theta seed # 7: 7405ceccb8d2f9ec1202900b6dac0614
    z2_theta seed # 8: 55e5d93dad740e6e06f2b44a23c9a645

  cmt_1_alpha: 9ac3dee8f068dfe4e3f185383de316af74bba67860b3d0ceee6ab5fd220bab31

m: 0000000000000000000000000000000000000000000000000000000000000000

sm(CRYPTO_BYTES):
5e2cab5b5766a64515d7c7ad3eb675c0fd08eebbebbe669bae6001865438d89e
796d2eaab8a698bdec93e6c5b1023cb9dae78dc839bc3a27f9a0d1a3e785db3b
cea143ca44943e263dd07aaaef1c9a92f056710fc7dbf2b270eeb2150f6508ad
1d3bbb0c126379d86e9b33a2994777e0647706013e850577837f364ef2b1e177
a00acb9a2ec73b7464b737e40d185da3dcf336f89cc58e88aa838f70afbfe63c
4e5d0510605660a0a3582921f3509a26d0d313bb962b1bd4a4850c3130011734
957fb0312f09726a42dd8b6e7457866a499791910f112b2abc4fd6055fcaa4f6
5531423a4550eb2d2af7a59f002d118963cd2e1ba07735c9d59944d8d52086a2
71123624398b65b1d133d826a646664a94151fec97e1c4fe11baa2f5705c8400
f016efcdd52e6f3b0c10caa6b50007887d8594922ab2d89ddaf1e37b213f92d8
a1de13d060f331960cfc2da97ca4057cf9e531a3dae65a8f1948f1ff905763e5
b26d8a75bba6ff0cdb02a954ff1f94f0543bb1a5127e1aba8879eabc2a394dd7
19669f49d26c7da34940684351940e1f340b8f22c81d01aa7bb92f1cebc1ffef
98b5f3572fc58a11ad63c18f319ff23b7dc96f0947adda131792a160e19268fc
3cab82cdc64af1e5cb0d4fda60a53b7958a24a827aeb9dca872c2ea622c3dafa
ca0cfedba2e0f6520e7f1683697163a62025978628799abffaa12a06d3172997
66d4d8b31c0eb7ee6ef7fd3c9501fafacb7e5c39ef52c364f4b12b62998d23b0
ed21cbae8eac193ffc949e5e140ba07fe0695d0e04c0b9eb72ccc1eae7aaf941
89710198524502592fd71e173d52be869d4ab67a22edbe7f8414c0967e6b07c1
3b47fa9fe9fc4a24932cf7460a0f2da52e5d28af1f1f742af9d5b50224fd39db
14a609096eb987dd075073b6b886be4e06847f30a4d90612e5aa20e8a95c8497
bdafd8e5be374633d8303e7403c736dcbf0c6ae9284540bfa7bcd067ef1a5d87
c50ee22bc098c33351cfaf66d41ce6fc1af958108e0a2285b132660ec96891f5
ffb2dff95dd04f1d5f354ea11e30d0403755677972e35b19d77c5a621c9f8066
01f3b753f1251786fe7130e528165a1fb4920e1053f64cbb5d8cd19847d36baa
a86a14a656cc2d26c651d1cd1fedd1133b95e52e6c456b74d81ff285f76d7967
9d3ca4f50fbff6da5bf5d525e6b450e380f2f27ebe8364f8714c97f2ee047622
db2845c7594608fdb7dd06d4441f4ff9cd9957375a461cfca34570dbcb237a9b
3c9a22f8d5e7c246aa0a4c86e00041d0cfb715059cd2c24f3ebc6b5cde6ec6bb
6f27b8aa47000b03810b75562cad48df5ee894749828afa62e76873f5a106d96
723074ed39d6a3e0b8115b8e1bc8a466192b7b9b32a2299d45508d59b4b0cf23
212f983938ca68e73dceb9fbb0314918d4ba46334fa8dbf5e4c69e2cca81c181
84300b8a192b8d6e60e8c4c3425e70963fab48e0384c9c45626f4509cdb4d5b5
f5a703cca576a928c27366ec31aff23eebf578f7ddae18cabac8140fbedc983c
1cf048005e31288cbae32d39e4223d9ea8f707d86dd8386f33852f99b8f46b78
aedad5a8b70fdacc5efa47d38e65a4b978c9d79fc5f93daef4b085e4fd90a884
cb8b690588236c0a4f35d388e7c3fa9eee1fe64dc9bb678a65c86903970a4e0c
7b5c9525ab98082d13c4fd03f4cdd34078fe1dcd98962c83a56c8647d874136a
4270e0d8564e019e066f3ecd253222aad64b1e447e805d05ec44adad4b333103
25fbe188e2e84ca407caa14f157866eb013804ed4e9719a07e19872734987afa
70e4443702e2a767a13499a9feff4f69568224065e0b6b924c4ed6fd000b7840
e8a245f124fe8f301d621f9d7e1ce9e9f04abceefefa000b48a4c36b1e6c3dad
ebac37049c8104f7e4dd1556bfca12e8e46b38d14d9b517d9a27c0ca7b0a1777
ef5367947b85ba610da395c4ad6a8dcb2f727a81f1257a7b9be25729c2cf4e6d
a05d9a2e4fbc438dde76420044ee9af94903f985b844e06753da4a4f0c9cdae1
0af160396b0df2dccdb11614670cf7829f4004561744fb03160788ada3e0dbea
f0fa2204e45245352bb6e76509db07f397d67a08c7138afcd3786db73f73ca8f
9619495e3b156e23d113cddbb054ea9df86f664cc3b922f264e206d1f5af4362
79a2b27b4615d75a03723129d00a33efd069f89c36cd56630069ed1962819ba8
4cf5d7e0e64697525f445a128def55a6a05f0f4a9e9ac64c7bfcbfa7d4bb3664
3fa0ef35541559344f7d64998a7110561e4eba860233020e2f8507d3ee80ad12
e9ece400c268bc06e171384ad0543b0a8086f2a5cb9331db553a51e34d40bc24
6ecf811c4ba149da9f8028dc63dcf0c8bfe8e4fd3b8c796cd3eb3a2b2ec885ff
f083251ee9513015a146b8f69c482e1ca55a66847a644cebc01b3ee75efd8eb5
4ca89841017fddbc47f04a0b0b994709d784c7b0f2d2e4015beaa14e454f2307
e2a6be171b5a6c12b884fb8491b4902b7d0fc46809889daf20dad405245f562b
626bd471d487936301e2f3b3d084dd6f18b45f9eed1d7e8eaa3d36e124353a7b
f7a579651e7dc8c1c7f14a5f32138daff4b50d74749f8d20db47bc11dd1a975e
0b15e3dc40014987f0506da07ee54fbacd3287664c4cb464564fc2305a64de10
a4fe88bbf973395fbd804c75f32ee11eaa7edc47d0f6832149736d5e4563fde3
c4075535154244f3bf9c0ddc011287f3d927f5b1ad6a3f2a4ba62dff93923f77
3d01bbc6670fd7c1520fbf5cebcf7c4a7a7eb4ad528b62250ac91910a608efae
50f293c7a4963aea68083edb5abd3fcf0a1ee43a0dc9216af5e290b47784bf93
954087a7a4aa88f17a6ca7894c5a8a87a0aca9644f4939935c8d8bc4695daef0
b707ef0609ad677c3b50bdfd6fbb0a9ca4267d15eda76c5ec4331c6c2f38fa40
078cfa06462c990372406e5c2b219260aae6f2fe980ad22811dfc1d22c698470
d26e69f95e6df175fba9c3af8bcc6145f8ff812321f9fd7d1f1deeeb42e1f733
9e655dd1e3014b9a560169a7f5bdfc8a0ee0c9d88a03fb017efbc69d8d986785
c4da1a01a985256697ce7d9bb0a17ef205e8bc4369f899c77bc4da7ba5c8fbc9
49e6d5651ecf53b74cf114fbb626430279981330c4e9c0f163826d2b968928a6
629c0f63b3db719760dacbbe6aa6642b4399b9a5fca3bdc00e6e7353bb5974e8
56ba902dcc86b5daf10fe8cefca3a63bf1f6aca51b3339a1d8a30a55618bfd72
94b7ff82a83307cfd0d449db80caaf304efda81654aa7df8900199ad887a23b1
b8a7a417afef8d3aabf8529cdbe117008c37a5d107ab9b2181200ed48d8814b3
eecefdd221e9ec433fd79a332f5cc84a7232d3e6ba4077dc39f81368750fb447
470fbd1becb53cd9cc059cf025fd1c19a35fd5f03d572437f6c98afbd8cecbe1
c5a634d8f5dca190104b8c5f1a9b89b3e720972c3aaa025d8704a749b0f469d4
3552b0928c5fe1846f4c6b85cc884675d481c2b272153d2fb8caa9485601f1bd
38eed52ca328dff699d86952b8a796adadebeed7bed1e02f2d65eb857cbaba39
15a81852e4fb912936acac1af864341f82b3c9b43f89d7e39623049a0ee87cfc
ec684aaa358258f4216f8abdf007194962e539582f5fbe1201edb2427b1df6b3
15eaa9973367f68bb6a3d1174612e7ba92e3267f7b3128762c66fa98b040b14f
99a28307065ec7566260b97ad88f69e1e370ae229ecf1ab9254d40b7c9c4ef14
3fb2e7b76474c7f9ddbb1f3f67da7bb2e79edc06138dfe707de74ddc3dba7d13
47717b3aa37330440e3b8712fd353fd4f0b7a9c2c5a22fea98be25f3d3aa0daa
1f48a9d942db533691e06ed2befa1cfca1796c825073c3d934c35a6de3d45a66
9e3a256557d654a04a4f2c8592e0bf78000901a477f47d0bf04cb404557f301f
d84aca6e6a71e44ed567e024b1b43fd4fc816ca15b4df06b328f6dda751cd6b7
baf8bb433b7ac593a8a3a193c74d71f6f9b5b0be6759d7a2f2b3eb29e5241aa0
95d40255e0d7054aa7277577bbd8049a4c6a962451895fd400a8d695e8d1809e
547d2a1e56844365a1cf9c7076191b0995d42011183c419b4ad55e4cb45140bf
b2302f13c4c27368d6f3b4751cd0a99b2564bc163b925cc98a0a5f8b7cacabbb
056cb06b2f4b2fb957880acf85d90d474d6db604b5c257df0af57a8d699abc7b
d2e9c2048222f598723cf700e27437ab2cc630267cc4cd2aa2e059134c8a267c
6970431be060ec8d022308aaafa7f738b9d1f5dbb8a07eb28037ce3377ab1caf
300333cc845ddc4dbebc4c7fb52fbeaa4762f4436bcbbd9fb956478550c0015f
cb624cc178b3c6f9053bfa1c6ea90d20d0c18992e319a8a09f20ef0e889c1046
c6d446e631d2bc01695945505d9694e29c06a6acd8691abca7e74e762e067ef5
9ac3dee8f068dfe4e3f185383de316af74bba67860b3d0ceee6ab5fd220bab31
7afd3bc19860de083b21ae99beebcfd21ca0e0dd3a54f12895832933b4a43206
1fa6456bf8b16836eeb56dc6ea09c3836d4501ed8a4e3ad2897b3efe86d9eee9
483a7d80f11a98bb33bffe1bea52af27937bf306475c7ab80c153175669c290f
7405ceccb8d2f9ec1202900b6dac061455e5d93dad740e6e06f2b44a23c9a645
a0eab1cb37282f7057fcefc47c0bdd8cb17548483da32817639c582e34f6187d
c9379e9aca88bf94c9aabf3bc53a77f0da37b9ec5eb853d8938ebe8deee7bad4
aca67106098bf1da6565e08f7c21e21f2d4a203903aa2b11485bc03b74b13667
83a6104ecaba132b55de0e2cd8244ccfe97e9b06ebaf4ae46e309b2353369c38
e01429af1bee7995bb875d79de5f13708aafcffb0d8c6086052cc946249489ca
4684d89e35f8a55b7589d7ead03b4d5afcdbe399095a4e3b732df5f62ca9abd1
b74d47695cd37056c4d72f8fb3718f47e10fee7b896908b7e18804c72dd5662e
4a5115d324d3231cc80f244baa281d65aa45b260b0aadbfad39ac96bc959e478
5b276b2ba3d4d5b4464504dcb56e64a00bed2c9adf31739b0f7801d0b1bebac9
2d32700080fdeea9713fe616596feb37c079f7d42569520a39a119515696012c
5485e264c818f156e532862677c1f8856b0e261a8da3570bb7d74f93dc49bfb8
7cde651a115859bcde452fd4828ed87cc29b0d66de016a5a6b02f791bdb61667
3391f6b353ae9ae9f7b965ddd1c7a29791ff50bebf43ec7d90cb371ca94f765e
5ae603ef2cec8ed9e1e5a6ed088195e31ff67bfc76450d360c3896c40d9505ff
739dca25bc53526820f82223bf8ade553f88678031996fbaf568c4c3d497281f
19a472fa21f36581c910b8c1719c4cc972f67634e49abb6d8a78390689d914aa
3a5a1f39449165e34b88933c7b072e040b904e59d015299d6d301b688775aa2d
dd7a29a4b3364c7aae8551c9d3d6e0e25ecd0d1ced146bfad026934419aec265
614925cb2e4f82a1c49e5fa3a4cb53270b72f98d5550b8b29345fac090fb420a
29b993a41dd71c32f66ecd8a27a31a9a7e7beac6ad51ce1725bab2bd344e60ec
742d14ae0e287678f8afed61a14fa5307ee741bbc6670e76d5c6a02a7af6a4ec
7bc36163279b79c64f05fddd7731aef917177d2f6e9610c1cc18df512a3b3f80
c05b435afb3c43a13d03b917866c36a452de4a7f6efd01228775311f767fc7d1
234e1b125c2f95d7dbfb01fc2da41d2ea6b12a5458fe8a94747ed83c77c89661
06e4a330bb8c22506d249e74e52d31526fb3cce78fbb0ce297daab717edb1d93
dfab15c05a8fea639fe2bcc597b7067360972cfbe3cc596b3bc1f5e1d227addb
f6f3a42c0594e37745471401835cc07d099c5e5d286c61d74bead3951b517634
cda7b1009f59e31a87260b508ecd47efc5f2e536cfc3f20d6fee45c82a8cd643
c42d53b018acc59a3958e634dc49e10f6f2b5575ec98247b3b8f0f04ea40fda2
720120ba369bd2609eb2bc1b93ed280a7b32d315ce294932b020629f44355de1
318a692af403de08aaa63d8be72361ffc974896c83ec61279481e17988adb6e4
604b2cdaaefb63ddd5d489a830450dfeeeba7e5c197a7b866a7b17775f513913
e5f1f241c766950f30a1acd2006486e79408967ce5c5ecba37089019336aec9c
1d9e9ac1d165875870771b1e88fe20218655c8b4d283517d87b8fa5f57fe8de2
a0a22bddfeaaf362817c00806aecd68aa931dd3bd825c3742c5bd5e269f181d3
dad0cbd77dae41656fccb10523eb7c847a87c80e2a30a122d96363502b1bdc17
cfd70b9ce955c520bf1c351c8eb8571bc2e5b848b0e89498eef7e839d2a3a73e
7f4069961ff995680501877372cc777840d3e2157055f1c0be252b0221cf0d0f
ce8bdd3899571f90d49a61766dd1aab2251ee55499d6952958388ca68d50f08b
87558c51e570f251f05eee67f4357f56bc3860a51d0f1bff99c48088ed0b31d9
2b329733f235182de5b9409329eb43bc0102eec59a31430f5421a05113093c1f
fddbbe8478a40a5a9c77ebf222f5e125f35cd82132ed63bab66e028336241c1e
4cc45a09af3ae0fdcdb293047923a6430a5a154b04f513e259322f531648dc61
79408f0c303e7c5e9b591959fa8c93a596a226c7be8f4b9e417cd6762afd4473
703596e639bd614c1ab1af9d856803191be225d1f841406b63d5b845a4f8a46a
0f9a4a22be022dec0b37fa60f39b2e2fbf0c356ad0751b9632298a7b7772bc02
c26605f61302f5955ab97efbc7d50e3dd117fd01e4a255d0698146a160ddcbef
400e847491a540ab61d32b84ceb72afb750adf7d2b0c13dcf18be50518f8d575
10b2044aec5f66f4bd9403573829d7fb0a4a4aa16c30da42beda87ceb1b4868f
458257040f699717861a1f8c33c87ef390af2015abeb610dd066c82940800e7d
0b17152cc236a50da3dcb26f5df39d27e0d2cf128f49e8bc5b4d316846d0800f
71f92e20441aeb665618949798a105a9a168dd17fd4b8076169af73a5438dadf
756787cec8b88f96d602862475e37e0eea3997296aab086cd60ef1560159ac04
9c1ebeeeb3a8b18d0ceda109fec88ca2e5653ea181f50ea3cdc7ac23ff97d42d
78f0ac47fa87583c22b755bca501c1eb0c7b82eaa1b7051100c02f267be6711b
8175588a2672254bb92b0f3bf85c71da172057af7e600e5534b1bd1ff8ee1eb6
87ce91f4aa538c3bb494336642bff4676de92677e3895e53e8249052f3cde60a
871b42319e126c4459be1fda3e7b2e6eabc02186028e3d611fc29e381f4735bd
a9ef4c3e6ce76a91d8eb539c2e11cae8c9bb681ef1f2cf707bba7f5eced0c54b
dd6951242ff602f22bff82f8a2670ac936a84edf7393e47a802727b0f58073a7
bed135380c2d0216465bbdccfe27df310286910ab79f231548e6cb3818b5b87e
a6cd6e112c065a095216be0991a31a66f29ad7619d9c512868554a1080fb56c0
01140e26df8653d13cbad0ab7102f095304940652a59fd07b7f6d5d349c0bac9
460ed8de01dd5c77262bd00aad7dda0a76a44abdd336cd834fb14666af542bb5
6853152db759eee77827816d2a8c8dcb1843c5e589ddd58ff075db99c0537d53
7584cd2ae981ae6212fd3c80b9788e620c89d290900f92041f2f193a37d31f4b
59e575cc205cd6aad0d2939e891953367339843c4024129b0109b9b7d4e99257
57062d924f3586f430c783cd69fe0dfb9dcb9a449c7611d7351ba7f519f2117b
ca312e1390315b6cb2c2c55b45205b1e55c4a31569734339c738a54009b7c87b
69f4c3f50d933f27973316e732b40a7907a231463c519e47a58cce023b1fb826
066cfe9c2d8bab1afe8ad68c4bc053062a4a11d13470938cbe6478f7c6728c5e
65d489854ad5c546a83ad82b517b9988b92dc454db7219331aa5e62865a44e8d
2cadace8942558c9456d57721761c2795e399441a25eee62e685478597825a21
8e849d0659f3b5858ccb288c8c07711ac1605076452de3062ef0b8a46e58d6cb
dc480c3d5d95d93d0131e7c627881eed2979711ec12010df3487f0442eb78342
76df4a99a89bb954e6f0048728d616e3c7791a2201ba403a6027df6f7c56c493
8a259ed49a9494864d5ebf84a1cb6d13e6a0885d50a599d73b70a350822aaae7
b262fce17fb440cc62b0076d3144e43c14bcb7ab615a234ed1c6a6f11b96556b
740f0d37f04a95df7656b9776f5187aed832d9c108878179baeae73a8a0d78c0
2e60cacac665a77aae2eb9348332d184152a4afab6a541c363bb1de3e78bd512
61d8e93003af2b774c05918ba53fd14d8d12054606ce52439b4d21b42688aecb
20b524e45bb956686f9f063f3cc895e54d40fa98885bfaa9b595436d4a874eb3
53e658fd40575bf838b31cee1dda50e152bd5b4b292c1d5418f10362f9c4a089
6c7188042d3f4229fdadf065ac3ebc92d21e0408b2ffc190ced1d5750f76da5a
168a4416e5a85dff775d83c277a623cdd308920094ebc81c84a1b9c2772e6e18
3d3b440eeb557b9393bca603919768f8c22e8188aa6be95873809a2d2c606ce5
1f280a474f28fdb76437751521f511c59d679670eef129c8988b4e6e070f0ce2
5a573b48da7863a75e36deef033d8012c55a9d2f320b147611ee1cc1c8372d38
d9486ba7edd94b6e220bca49086ba70d87194b26a9517ecb01a036ac23102815
552c832a97b4b6f2cb2937e6d2c3d8aa9d0959d2b50214d31c7931d449f86b22
a78f5c1aca878f8b9c58f6745431ad02206c4df09abcac1ccda69d5a3655a58b
a7bf4e09f1707c03c595396e5d8a8489dc66e733e301a7ea46268c61a4634106
5f95e32d0a790a28cb8ddee9a290a0924b11ad73ea3054661a5c39b10a18e86b
9a69a7a5adc671de4095ec0c434b24072ebb08702a67210af9a411cf8b293e50
f7b62ad50a100d64b636dd5b0128aaffa3f294485bf597ba458d36782828814b
07e4c7b2eac053dc112ec9d42517c0820cbfa7eec86cff08ad7193722720fed2
07abc24aee146c74a4ad7f00adfaa44643e879f8063ac52f0e05b2e44b82b541
8a8e249bffa942047d760710a80ac7cda3d7088a1527610ec6fb94a68c725b6c
d006b0a0305245188c2291bfd9a0a6a47df9ddc5ad330479bbe6e10f1832e342
ade56068304a0d92bfdc0776d9e7b01223cf00e9bde918aa8c0be1e64639c9e3
82070c68e978746fb92559796f51c2d5e0b06aacbd4890782c24a3113840876d
6d612d0a4607ea460fb79853955981e196751a4f90b7f14c237035





### SIGN OPEN ###
Done

