
*****************************
**** PERK-128 ****
*****************************

n: 83   m: 36   Q: 1021   N: 256   tau: 18   Sec: 128 bits   Public key size: 241   Private key size: 257   Signature size: 6058   




### KEYGEN ###

sk_seed: f9c129948d41687478431362ce74a0ab

pi: 0c520936512046342c4a2b4f101f4925061e4d393d4e0a1b1217032802043e213c07010f321c310e2e2d4145233014083a1a37002f0515113b484c26420b134047352a3818161d4b503343243f22192944270d

pk_seed: 91618fe99a8f9420497b246f735b27a0

H: 
  109 965 673 019 237 648 840 373 834 280 902 555 039 299 146 456 798 530 232 752 289 125 495 729 614 744 489 004 561 846 080 945 409 580 474 229 454 434 612 071 732 431 827 855 037 790 461 804 946 396 765 965 478 343 509 278 096 006 782 208 473 655 602 079 726 021 550 533 754 610 170 651 676 329 325 168 367 880 402 309 888 726 076 
  336 979 096 294 657 821 554 445 421 762 209 351 454 1010 081 810 105 511 653 1008 1019 109 821 571 990 486 1009 905 725 973 142 154 937 192 829 110 883 907 687 086 661 245 440 542 110 584 188 243 206 171 016 066 312 896 663 191 227 568 560 627 941 576 215 129 445 526 099 111 525 931 956 046 663 677 412 101 293 332 804 804 477 789 1015 
  109 454 683 738 551 888 131 730 365 008 599 851 010 053 375 440 267 196 959 503 528 260 512 072 005 197 501 526 536 588 080 418 251 895 404 117 353 938 019 616 461 988 072 863 917 522 578 051 045 624 212 135 307 062 409 173 843 451 506 795 800 423 842 887 104 962 003 059 475 193 351 463 343 309 1004 643 936 278 828 326 211 205 627 
  719 032 291 596 544 698 936 463 511 983 243 748 673 1009 283 196 526 931 944 977 953 947 847 344 852 917 339 643 778 846 141 114 265 774 833 696 991 080 230 688 915 134 218 443 279 300 525 595 687 054 457 837 425 199 366 246 559 463 663 057 606 836 192 679 332 432 765 584 371 002 513 256 907 1005 618 526 858 765 939 929 380 861 811 
  871 987 340 608 664 163 237 618 816 139 034 402 017 161 1009 439 463 180 370 774 013 034 986 029 045 629 022 387 651 502 727 417 222 601 619 594 698 395 861 555 478 679 149 714 164 567 613 934 693 498 615 907 381 761 259 414 573 913 481 192 775 599 667 172 550 162 705 972 867 716 709 667 780 924 988 683 705 359 429 816 231 778 875 
  762 123 780 114 441 774 184 107 030 741 438 1018 970 004 768 995 667 192 453 256 668 189 653 961 818 748 209 569 162 769 347 918 334 352 673 489 479 276 612 723 453 012 695 456 414 686 851 291 655 052 691 381 127 888 561 884 675 877 654 640 646 038 395 252 809 267 064 144 269 364 774 099 359 847 604 889 865 561 927 077 469 792 330 
  176 405 003 422 069 160 978 221 013 161 911 404 079 716 746 952 112 863 789 755 405 997 972 701 982 532 680 725 696 158 657 750 944 605 549 753 229 699 202 504 091 490 131 559 268 943 979 261 100 466 498 655 1016 848 686 388 690 572 453 737 131 220 928 592 324 772 846 836 902 269 157 1000 212 052 854 850 602 144 704 333 456 938 420 
  524 535 586 264 929 110 843 101 406 232 058 917 522 137 780 079 867 459 244 826 243 664 386 256 525 112 925 033 516 359 503 445 911 1005 235 308 096 834 653 425 045 896 696 996 195 063 760 859 992 344 280 367 684 991 851 012 882 282 337 532 061 108 462 829 737 709 1006 548 862 448 916 916 216 395 039 024 661 009 471 076 245 135 971 
  591 736 716 259 030 358 559 050 829 914 1017 915 082 413 820 778 331 671 1008 400 284 1014 305 819 910 802 454 240 535 619 270 083 286 334 540 745 315 436 955 356 075 117 995 538 255 082 201 881 567 831 236 476 390 208 239 950 142 518 510 132 522 138 052 665 052 009 732 743 277 777 300 080 370 871 432 955 195 798 748 929 240 705 736 
  035 318 742 674 016 977 666 465 862 935 477 927 994 981 956 500 502 921 147 128 075 551 082 829 958 459 227 155 494 369 267 808 663 641 595 912 281 1014 239 035 572 761 869 661 708 570 910 227 462 675 510 837 183 856 315 697 327 170 391 679 351 402 101 722 261 942 931 547 874 330 584 910 144 927 655 850 764 872 984 946 425 148 496 
  291 467 625 313 587 502 382 209 598 405 961 001 527 728 651 222 797 147 902 148 570 233 237 056 291 191 131 844 300 978 512 336 612 641 478 056 368 050 824 376 157 608 070 997 791 161 271 563 570 833 464 573 711 104 380 854 394 643 677 236 631 568 634 699 749 328 878 162 323 628 806 659 354 567 444 089 1018 254 794 1001 602 889 623 
  851 666 982 466 778 980 336 169 745 836 626 1011 937 698 969 163 344 084 959 252 898 240 226 190 211 866 305 871 537 305 378 176 498 828 390 443 453 460 785 885 830 883 390 490 615 528 425 706 799 946 775 993 639 025 782 1007 832 665 510 524 764 187 051 767 105 252 744 190 076 359 036 240 152 668 307 722 963 426 310 1012 120 774 287 
  627 918 144 493 436 867 133 354 840 695 856 771 295 257 579 854 063 357 1016 940 695 069 891 864 085 545 141 246 005 114 596 335 458 674 944 808 208 162 758 610 614 813 915 1015 1011 127 615 882 662 581 669 419 657 027 634 988 493 735 447 258 319 719 914 910 638 185 576 605 325 381 338 766 1008 937 778 227 871 095 908 582 259 856 169 
  486 072 579 606 312 056 898 524 873 941 582 433 746 968 484 947 911 522 863 125 439 265 726 231 581 1014 248 452 374 706 800 700 610 387 370 132 856 177 519 339 771 761 391 928 460 084 184 724 430 902 574 594 985 816 958 982 974 182 000 101 578 570 978 654 363 292 559 213 041 675 510 643 305 355 1012 665 305 892 064 090 974 503 612 
  765 054 398 091 373 1017 511 581 120 061 226 388 925 300 803 126 228 954 402 354 694 582 255 737 838 075 479 826 626 570 915 048 017 515 163 242 162 180 203 666 263 196 157 203 731 227 546 797 392 724 846 885 093 314 259 1019 419 636 852 454 001 016 614 521 266 683 038 303 623 064 964 682 751 001 964 311 785 168 067 389 296 734 531 
  100 901 666 650 138 536 989 388 383 328 726 817 681 920 655 503 737 407 210 189 429 1005 237 089 961 739 460 389 952 290 942 171 104 557 667 666 401 326 711 549 396 257 875 659 886 427 610 051 046 563 430 616 861 739 035 867 280 424 898 555 882 825 069 171 213 121 434 460 680 457 104 406 592 224 1006 695 079 821 544 835 569 030 365 
  669 740 216 783 003 851 290 274 573 258 029 1015 173 486 638 961 703 985 613 022 533 327 955 826 622 577 960 751 772 431 061 716 824 897 337 351 197 304 395 920 941 067 460 848 685 139 033 101 805 338 269 612 502 778 538 346 805 047 624 137 196 601 296 134 388 037 465 178 757 835 055 593 460 562 173 873 471 256 757 253 825 361 772 
  961 804 543 916 975 302 416 546 639 191 998 266 184 392 663 537 928 587 582 494 783 934 333 009 883 681 818 110 700 732 140 640 920 993 691 642 051 955 657 912 623 610 814 383 233 224 739 967 868 892 325 020 162 459 740 896 236 821 949 914 282 312 274 073 353 576 202 145 038 661 364 624 716 501 246 102 688 182 178 759 786 099 719 
  518 664 124 400 436 648 187 483 371 1015 836 423 673 649 151 163 942 585 107 230 453 945 017 720 895 027 668 965 931 457 481 352 484 173 164 243 499 322 1017 002 849 429 975 837 236 748 035 1019 120 164 468 006 583 465 856 950 933 198 118 295 975 948 775 855 135 350 955 416 586 365 378 860 366 432 306 579 137 528 687 713 947 918 290 
  571 375 600 025 663 440 015 423 359 213 552 450 681 216 891 569 121 166 701 484 952 712 743 190 221 013 809 369 084 413 437 345 432 133 730 037 081 724 877 979 922 168 599 979 561 058 137 750 553 494 013 743 636 070 606 120 834 391 589 508 080 447 635 186 891 500 863 076 550 230 950 791 263 466 181 631 819 700 137 848 710 102 475 
  140 819 295 582 087 963 717 609 485 792 973 466 189 581 852 131 839 331 932 647 648 338 549 687 701 719 619 029 164 708 847 908 405 356 780 848 987 504 758 666 863 1009 643 720 274 254 489 875 844 072 959 561 863 296 921 859 831 997 204 044 624 974 870 366 484 936 960 059 145 918 573 246 491 663 096 336 985 056 143 368 549 692 883 
  369 769 676 455 354 787 676 483 224 997 257 926 950 742 234 452 147 1004 995 095 288 591 242 553 455 587 264 828 814 291 713 501 811 900 418 1012 487 696 871 639 450 100 598 754 112 023 087 602 043 160 361 359 262 227 416 134 134 255 352 091 345 426 723 733 566 415 444 411 718 331 896 362 553 921 826 654 842 993 395 297 195 351 169 
  052 064 604 972 264 225 990 309 547 895 607 773 092 089 938 387 012 895 444 379 253 672 189 232 195 282 122 019 234 964 186 959 347 181 487 221 668 453 668 990 670 316 696 503 873 499 595 076 787 661 646 885 167 945 973 546 155 003 713 522 968 821 138 443 1011 406 970 769 307 536 170 887 563 154 432 310 720 829 621 792 480 245 687 
  985 703 356 925 795 841 054 344 841 631 964 387 709 764 789 906 836 795 1010 970 366 049 640 120 422 849 619 218 283 830 813 896 436 871 390 255 929 499 148 184 837 644 953 684 134 281 965 221 009 228 473 462 241 307 655 158 293 971 607 182 162 719 423 462 775 911 036 639 888 829 663 349 229 592 689 916 913 211 596 376 856 241 037 
  304 285 242 055 012 327 909 893 373 316 783 115 301 020 745 928 805 493 163 161 198 846 023 372 814 197 076 172 671 881 437 502 320 119 980 547 107 033 638 691 905 371 764 639 815 867 802 795 994 133 135 1001 413 029 086 769 870 817 672 101 926 076 903 866 352 285 589 128 964 792 777 407 421 504 878 281 774 029 412 382 023 389 078 
  366 710 332 592 056 689 290 042 010 984 153 096 679 347 976 162 484 118 204 823 935 011 362 015 848 272 788 998 527 237 428 622 278 726 793 176 840 976 866 517 673 576 122 091 693 702 054 909 721 183 801 681 948 073 387 295 811 569 080 669 860 341 307 846 869 649 367 818 707 135 766 888 866 580 010 238 184 198 045 032 713 855 622 
  084 005 618 313 044 841 444 913 239 671 714 227 564 783 283 005 529 419 205 537 788 195 748 110 877 237 249 483 376 292 194 483 090 907 824 081 624 749 538 449 032 224 326 753 774 532 765 871 633 295 679 744 939 023 302 679 801 533 127 661 629 110 891 275 1008 552 765 475 569 456 875 110 401 151 777 901 415 877 202 024 610 280 925 
  761 851 149 222 297 778 728 368 518 712 442 456 223 762 366 116 336 053 849 892 014 020 800 376 906 759 369 977 119 042 837 252 227 106 316 264 923 466 540 226 202 986 355 550 549 595 269 774 720 926 059 265 127 714 523 114 630 089 552 416 979 810 994 611 461 353 248 967 776 732 967 468 764 497 074 559 180 937 355 857 656 456 389 
  192 944 055 876 770 408 1002 215 760 478 572 245 066 278 459 076 762 294 427 647 869 1016 937 067 390 157 824 987 287 264 028 034 388 543 480 420 997 552 564 373 525 876 220 596 315 283 097 252 041 974 596 696 520 333 676 1014 430 008 261 117 314 416 126 904 888 900 416 625 409 064 236 245 664 172 411 773 779 300 199 063 622 555 673 
  074 361 003 820 638 898 375 473 282 380 480 717 014 816 929 102 462 749 137 828 038 316 616 445 976 216 117 537 663 995 712 907 607 006 600 814 735 285 663 088 354 559 409 535 945 168 029 462 864 719 576 702 144 351 512 118 888 507 047 464 971 965 1010 623 894 481 066 521 518 592 512 339 053 699 031 456 713 628 687 138 927 911 071 
  908 974 708 744 630 151 095 1007 706 858 165 500 478 910 439 470 015 312 802 269 760 467 365 261 140 501 645 759 021 489 408 382 160 283 552 488 198 403 512 097 595 622 710 485 552 144 267 022 398 626 683 817 314 731 753 381 109 848 813 277 127 962 789 622 626 703 060 450 980 069 597 589 778 350 981 185 419 412 782 158 489 053 448 
  788 556 196 808 717 561 161 1017 881 278 816 259 593 717 1008 912 059 383 305 612 297 042 721 454 060 644 258 427 792 159 091 294 459 718 604 003 206 980 221 191 106 724 878 912 551 265 608 761 643 692 581 678 011 433 269 613 208 622 481 111 994 111 854 888 108 637 120 069 1008 534 541 548 983 297 781 827 560 940 815 524 852 195 475 
  141 473 137 550 496 919 520 118 511 1004 171 144 770 453 197 328 231 131 962 523 277 535 983 418 046 054 329 281 436 645 814 934 387 788 427 610 965 652 376 780 896 591 221 583 605 003 295 091 197 505 848 359 802 190 218 693 729 405 478 380 697 173 814 496 068 551 148 084 922 889 619 375 142 359 1014 200 098 127 168 399 820 797 935 
  473 709 229 623 695 134 662 493 763 732 917 971 857 906 288 852 129 173 667 543 971 907 222 681 440 197 430 395 515 607 815 435 959 541 226 355 241 598 518 391 577 300 938 874 121 034 935 379 363 132 235 524 587 1000 604 1008 485 673 458 046 289 922 097 949 105 1020 693 241 128 645 972 338 793 1002 553 321 590 885 663 900 880 172 225 
  024 320 862 911 536 430 029 582 731 424 885 965 433 361 559 759 858 751 828 130 912 105 268 434 232 532 042 589 967 109 432 790 361 906 667 415 689 477 852 309 338 880 774 312 037 488 115 713 723 809 193 049 587 104 418 983 436 176 595 902 740 545 146 537 745 560 067 1008 519 117 286 081 201 610 688 529 337 385 571 957 414 830 496 
  658 091 187 075 838 150 712 085 607 926 000 423 740 838 755 090 602 943 009 996 267 694 303 313 556 334 691 575 162 633 185 443 860 649 557 311 078 111 807 215 816 435 271 743 204 659 1006 442 794 069 000 172 711 109 052 849 099 137 265 419 454 116 350 778 549 493 888 102 509 472 130 233 252 596 495 214 988 519 878 952 169 334 087 


x
 x_1: 109 965 673 019 237 648 840 373 834 280 902 555 039 299 146 456 798 530 232 752 289 125 495 729 614 744 489 004 561 846 080 945 409 580 474 229 454 434 612 071 732 431 827 855 037 790 461 804 946 396 765 965 478 343 509 278 096 006 782 208 473 655 602 079 726 021 550 533 754 610 170 651 676 329 325 168 367 880 402 309 888 726 076 
 x_2: 336 979 096 294 657 821 554 445 421 762 209 351 454 1010 081 810 105 511 653 1008 1019 109 821 571 990 486 1009 905 725 973 142 154 937 192 829 110 883 907 687 086 661 245 440 542 110 584 188 243 206 171 016 066 312 896 663 191 227 568 560 627 941 576 215 129 445 526 099 111 525 931 956 046 663 677 412 101 293 332 804 804 477 789 1015 
 x_3: 109 454 683 738 551 888 131 730 365 008 599 851 010 053 375 440 267 196 959 503 528 260 512 072 005 197 501 526 536 588 080 418 251 895 404 117 353 938 019 616 461 988 072 863 917 522 578 051 045 624 212 135 307 062 409 173 843 451 506 795 800 423 842 887 104 962 003 059 475 193 351 463 343 309 1004 643 936 278 828 326 211 205 627 
 x_4: 719 032 291 596 544 698 936 463 511 983 243 748 673 1009 283 196 526 931 944 977 953 947 847 344 852 917 339 643 778 846 141 114 265 774 833 696 991 080 230 688 915 134 218 443 279 300 525 595 687 054 457 837 425 199 366 246 559 463 663 057 606 836 192 679 332 432 765 584 371 002 513 256 907 1005 618 526 858 765 939 929 380 861 811 
 x_5: 871 987 340 608 664 163 237 618 816 139 034 402 017 161 1009 439 463 180 370 774 013 034 986 029 045 629 022 387 651 502 727 417 222 601 619 594 698 395 861 555 478 679 149 714 164 567 613 934 693 498 615 907 381 761 259 414 573 913 481 192 775 599 667 172 550 162 705 972 867 716 709 667 780 924 988 683 705 359 429 816 231 778 875 


y
 y_1: 420 878 483 205 949 390 668 264 472 352 553 644 082 276 069 783 155 860 457 729 340 985 470 719 835 215 959 320 1009 747 930 431 821 301 761 696 
 y_2: 315 1017 675 611 140 509 564 265 203 074 088 737 032 891 047 552 811 074 153 546 990 764 754 199 980 738 059 704 213 956 543 711 935 003 367 835 
 y_3: 078 576 416 519 354 563 987 945 155 961 395 611 830 630 073 879 813 069 114 325 455 901 651 667 952 744 909 673 1004 298 673 103 746 109 680 791 
 y_4: 283 309 517 835 410 148 783 242 438 217 189 799 752 608 759 779 026 344 548 732 041 549 417 865 655 991 620 061 305 144 491 259 826 743 632 260 
 y_5: 391 818 822 738 724 629 154 790 368 1017 863 572 004 706 849 239 978 994 377 305 117 924 522 400 856 024 762 778 284 297 401 588 272 1019 355 924 


pk: 91618fe99a8f9420497b246f735b27a0a4b93d5e33b51bc62942d8819522a1525054c4c39b709d5cb654656fddb3435ff33b50f1af2bfa6b35b7942fae3be53fea988cf4476342cb288145b820ecfd028a2b2b918988def32bef31d48bbb03b0d5f0fee1b1a70ff0d6d04e0009da8162cdb87dec9b04bfd8983edb99c4db2d17214751c715bee8a6b8a3db78a8ecab14ea19eab681eac51bd554e0d09a51f2b03cb665d3cbc7f08279efc21a604522b72994185ad88f7ecf660f3141b2de403a9f8b274187c96cb3b8d4d6a989c570e5ff358f04081bf53bd28b9f574c7570ae20645863a0afc21ca514199310ed3f16e7

sk: f9c129948d41687478431362ce74a0ab91618fe99a8f9420497b246f735b27a0a4b93d5e33b51bc62942d8819522a1525054c4c39b709d5cb654656fddb3435ff33b50f1af2bfa6b35b7942fae3be53fea988cf4476342cb288145b820ecfd028a2b2b918988def32bef31d48bbb03b0d5f0fee1b1a70ff0d6d04e0009da8162cdb87dec9b04bfd8983edb99c4db2d17214751c715bee8a6b8a3db78a8ecab14ea19eab681eac51bd554e0d09a51f2b03cb665d3cbc7f08279efc21a604522b72994185ad88f7ecf660f3141b2de403a9f8b274187c96cb3b8d4d6a989c570e5ff358f04081bf53bd28b9f574c7570ae20645863a0afc21ca514199310ed3f16e7



### SIGN ###

message m: 0000000000000000000000000000000000000000000000000000000000000000

mseed: 9b4e441bd6a749877799fb711d6d1f45

salt: 5e2cab5b5766a64515d7c7ad3eb675c0fd08eebbebbe669bae6001865438d89e

 Round 01: 
  theta: d13f8022fec1a404ee3f782351963105
  cmt_1: 606e72d0f29c627317fa7d04171aadbf06befabc5f3f655169b2c80dec17feb9
  v: 132 527 546 524 424 647 423 685 316 656 689 320 417 891 549 950 888 302 658 625 114 218 924 822 48 553 103 61 437 258 642 92 207 442 538 307 644 209 194 885 927 578 580 498 557 587 600 122 613 579 460 220 779 636 1002 506 957 153 946 623 510 748 445 234 739 493 391 247 180 886 359 647 915 750 174 329 47 126 834 359 712 713 1009 

 Round 02: 
  theta: 64f71dbb0a743ca41db79cf422a29ff2
  cmt_1: a013408d07effb88fe4a3f8baf10ba5b78c85e1aa98b5ae5119ddf4d2e1baf96
  v: 317 435 719 287 191 687 844 934 114 768 716 1017 420 674 44 933 85 384 640 749 760 902 771 154 188 805 596 89 435 1004 472 215 52 783 109 508 3 978 415 401 378 140 809 372 577 928 756 357 154 115 83 931 476 326 173 870 268 406 886 404 262 243 369 67 691 611 776 959 806 562 962 397 492 179 402 769 790 953 148 875 101 931 674 

 Round 03: 
  theta: ecb9388bd5e87b3aef17b9d185a1c0f9
  cmt_1: ee17500aaeba22d0c7e9829e86fc913acdf172228d7d7c7f371dd33c4185f3a6
  v: 892 130 219 770 804 1004 709 339 614 604 500 44 588 227 96 204 22 454 175 503 309 215 627 254 24 689 7 190 147 768 879 493 235 593 75 83 759 347 998 404 834 41 572 797 1001 277 640 675 733 849 153 320 588 775 983 849 70 789 637 572 956 240 489 694 369 72 557 768 9 676 766 642 421 626 804 444 392 392 457 754 951 39 274 

 Round 04: 
  theta: dbc243ef2c0cf0d24329be9e738b4f17
  cmt_1: 49399ef8d3195e209cdd70631232f26b91a492e3f4c5c53fe0fb262780e073fc
  v: 326 718 16 996 48 140 588 374 632 704 954 240 209 372 873 312 488 388 970 266 763 823 333 978 833 750 78 203 825 28 261 337 83 319 482 675 261 713 924 88 654 999 542 801 581 32 521 937 591 748 292 903 14 813 513 607 638 797 436 330 907 326 146 970 397 491 780 337 606 973 993 472 772 873 842 351 39 64 191 910 142 715 13 

 Round 05: 
  theta: ea85653c35c8518679c0508a38165eb3
  cmt_1: 8c86241ef42f8db242c53665846b48a89dd23ee077f4eaee301e7cefbca15739
  v: 56 625 124 630 12 496 815 708 548 333 400 752 449 414 671 361 374 996 22 492 157 270 177 255 971 657 998 59 884 367 74 174 140 773 639 763 565 770 1007 165 162 616 499 374 292 624 681 294 687 91 886 923 697 41 189 907 622 785 991 596 683 417 453 205 751 40 30 989 62 809 711 985 553 549 682 726 950 618 822 202 154 814 114 

 Round 06: 
  theta: 782cdf9ef19bb95c5f12e232fc90459d
  cmt_1: ae3f88756fc912696eb4e8e071b1664129b01af4665743b235a8742500691f6c
  v: 707 503 254 805 0 838 430 102 296 865 184 386 461 147 428 375 293 390 132 66 956 17 253 353 541 1007 285 450 1012 305 577 851 125 475 980 348 155 392 367 799 147 940 966 363 891 716 514 480 370 749 568 410 517 893 854 570 818 878 831 480 157 318 714 345 290 768 162 850 327 306 8 288 891 767 451 771 542 148 411 427 385 617 315 

 Round 07: 
  theta: 8c7379ef25b73d091fa613345ddba229
  cmt_1: fc7ab048f7f13a5cdc57893dc7aaccad50d592fa6fe38909ac2cfb6ba13a5a64
  v: 1008 854 172 363 711 369 868 707 993 847 1007 489 906 259 438 827 859 802 748 367 912 690 694 922 508 289 783 929 783 560 705 652 411 936 165 549 74 616 156 376 619 954 801 343 349 766 717 37 739 496 23 263 424 251 447 1018 198 623 312 832 820 982 219 220 568 263 164 871 413 948 88 468 498 922 67 228 594 303 447 236 171 105 39 

 Round 08: 
  theta: e235c042bdd412ecc6baae77f7bfed1c
  cmt_1: 752fe2211fccefc0f91c6018bacb83255947b22b21a4d3b6e946b0391fd65915
  v: 264 669 706 134 253 613 802 7 733 754 91 992 626 9 385 147 877 2 981 988 484 1000 1009 121 370 440 779 858 256 510 620 611 188 101 570 664 742 798 916 184 706 642 161 642 556 455 67 734 819 551 424 710 705 916 201 360 504 245 212 1000 717 700 120 890 741 958 221 291 612 202 416 1014 974 55 938 1016 199 1007 901 521 918 89 299 

 Round 09: 
  theta: 560a6aafda8d4b62fd8c92b57400a0eb
  cmt_1: a3287e24f6cf987ec9acf90a12bf88a10ef246efcedc03deaf7d8ecc0d6ef4a5
  v: 257 281 383 32 385 410 95 854 975 553 465 327 550 587 82 976 11 566 435 728 85 824 126 725 384 333 197 588 845 953 946 1005 959 941 973 685 635 342 578 649 809 83 194 497 184 19 686 829 677 902 968 62 670 694 855 737 783 731 876 758 244 525 566 434 290 662 301 667 515 481 432 364 912 72 76 920 139 884 164 552 701 855 154 

 Round 10: 
  theta: 8d15df35f2703ff89a8f56ff85f84e04
  cmt_1: a516823640359e45a7b158ff947e431b7821d1573be5713a5e5a260a7299acfe
  v: 677 571 919 357 525 40 238 692 925 953 563 102 193 180 754 556 458 411 496 748 603 542 434 727 582 437 1 99 400 162 142 794 958 68 477 353 372 673 95 632 22 776 142 432 169 630 832 541 301 983 499 21 438 909 519 451 679 220 675 385 960 89 229 769 546 140 278 46 974 283 549 406 675 145 953 589 492 302 460 256 59 546 523 

 Round 11: 
  theta: e51d2f7f6d118f007ed0cfae5d693095
  cmt_1: 40eaff777f08e1cd77a49f8480e52bb9fbe8cd00e8fe722e24e1928f65e6ef82
  v: 544 962 915 995 305 532 348 228 962 270 196 591 167 714 47 647 538 591 518 236 376 638 236 20 460 991 264 71 930 431 136 1009 915 165 160 772 225 791 347 175 592 748 563 719 272 490 701 323 711 363 767 338 926 308 288 779 733 250 948 943 450 897 576 690 174 284 76 649 90 211 433 521 183 536 767 234 477 978 900 531 888 956 489 

 Round 12: 
  theta: e9012ef8fcb0bbf35d6d8ae10563c1e0
  cmt_1: 1efc064c15be6cb504ea7c3a8b3be4367d0b5c67db2088d18846a0a5538ad351
  v: 383 800 613 266 89 391 210 796 272 32 854 72 778 827 940 257 959 57 58 556 979 497 927 368 32 68 992 719 1 508 412 1005 567 779 855 696 53 98 838 698 393 152 21 693 925 240 407 603 135 72 190 300 621 831 1019 258 853 351 904 330 265 143 820 607 472 495 633 964 324 52 954 50 571 228 507 327 252 404 272 406 487 118 797 

 Round 13: 
  theta: c25902dcc6bfc5149f5d25c7bff1682d
  cmt_1: a909cf140f41be76388960fb4fcb1502d3e01b7614746d97870fe9dbb6bea30f
  v: 883 225 511 1007 186 374 934 871 100 655 721 380 509 856 604 256 298 362 40 64 381 700 130 920 900 741 207 186 995 568 755 178 90 489 639 719 412 89 317 121 411 132 564 514 105 94 0 135 641 791 871 833 618 957 295 131 642 971 476 318 315 362 238 514 202 774 544 473 633 357 304 227 798 501 550 775 456 526 229 359 115 390 559 

 Round 14: 
  theta: e431afcad2c7701e4c8fb6f3c7aa1a73
  cmt_1: fe4644285583acb86b81f3224c776879c1198d8e980e67b066b81c8ae5361893
  v: 166 76 703 512 390 47 658 23 597 157 251 459 212 961 687 180 905 354 413 857 989 208 492 38 23 511 2 319 650 995 447 915 582 461 718 613 314 751 406 655 2 257 477 806 505 976 207 635 681 660 317 15 824 912 691 951 114 998 291 220 795 787 223 106 154 174 187 47 212 961 354 38 13 181 947 559 609 979 1007 85 930 652 732 

 Round 15: 
  theta: 143d1ca7630d4823f7e36642cbce15bb
  cmt_1: 6a92b44164686eb25e2bca9f816595720f3169341ebf48fc0c3135f3d4fe9b41
  v: 886 292 418 765 728 880 539 864 145 677 844 945 835 264 600 101 94 545 433 63 932 438 974 781 369 459 101 965 168 399 186 651 938 155 546 791 961 914 776 844 325 588 364 509 544 733 217 402 837 733 99 378 576 773 156 438 68 810 7 103 368 925 214 855 595 810 195 476 607 246 66 878 293 51 116 878 297 1007 881 945 101 749 841 

 Round 16: 
  theta: d5b15efed7829e3d8ae503cb3bc6f77a
  cmt_1: c651feb38626847e05a7540b3ada16321e239c84a87fdb625c02f3a11bb63f1d
  v: 566 485 234 771 975 29 722 476 867 77 34 693 44 61 834 635 1013 1 326 293 547 18 977 888 431 136 748 401 99 119 626 120 644 596 882 609 727 740 721 739 706 422 294 126 609 679 945 75 880 244 982 573 587 458 1016 746 844 513 968 714 228 547 641 563 889 599 60 622 600 833 975 821 222 180 153 392 237 689 1002 170 525 746 874 

 Round 17: 
  theta: 8157170ac18fdc7d27287b4807cf1b1a
  cmt_1: 466d2883012bba4ed627eac19eec10bca41537907a79ac7aedd18823639707ee
  v: 323 757 61 408 851 821 594 96 474 821 379 889 537 388 910 300 630 778 949 466 687 700 572 455 328 793 576 107 126 549 887 968 1014 864 921 510 203 421 751 115 236 185 251 201 22 100 244 587 661 89 494 46 610 943 84 25 967 440 39 180 409 636 181 526 708 533 756 207 132 650 118 833 152 236 279 480 542 243 350 72 258 658 680 

 Round 18: 
  theta: c3e6ecc59ebb2c3b419224c7b1831711
  cmt_1: 333cc8b304e32744061eb708449cb11329e4196b053c3580d8c173a82f61d545
  v: 62 222 888 92 776 190 485 676 657 987 496 242 637 407 646 542 606 574 739 77 540 1013 134 629 316 198 267 439 402 260 329 96 173 172 852 549 97 364 152 697 70 449 27 1002 393 137 737 445 674 361 159 43 262 29 275 804 299 514 711 804 345 297 779 197 292 839 111 876 265 452 94 64 772 797 478 317 898 605 981 607 393 288 868 

challenges: 

 kappa: 
  kappa_i (round 01): 775 370 906 571 096 
  kappa_i (round 02): 194 502 458 843 411 
  kappa_i (round 03): 767 067 153 162 399 
  kappa_i (round 04): 787 606 103 619 031 
  kappa_i (round 05): 041 249 626 555 301 
  kappa_i (round 06): 491 570 547 560 791 
  kappa_i (round 07): 113 627 126 627 424 
  kappa_i (round 08): 646 273 616 885 307 
  kappa_i (round 09): 538 013 309 772 960 
  kappa_i (round 10): 608 127 139 147 354 
  kappa_i (round 11): 887 781 259 002 863 
  kappa_i (round 12): 983 624 934 807 056 
  kappa_i (round 13): 718 387 914 394 379 
  kappa_i (round 14): 950 678 276 259 346 
  kappa_i (round 15): 905 854 066 136 026 
  kappa_i (round 16): 334 593 663 433 277 
  kappa_i (round 17): 671 386 249 952 830 
  kappa_i (round 18): 390 363 837 079 406 

 alpha: 23 79 177 190 22 84 211 165 104 198 164 15 147 206 172 237 55 134 

signature: 

 h1: 8cb90cfb143530742a737aaec61c8d8c38eab61077dc8d279bbd7a0695be1b82

 h2: 110ed187f17a3484bcee1801677bf2a75c2d38cc077cbe1c61155bfba3cae6d9

 responses

  response round 1

   z1: 676 948 442 345 515 670 810 273 755 190 253 37 731 940 15 92 829 663 318 726 403 255 996 954 464 987 665 140 315 235 530 246 705 694 414 506 289 376 686 722 5 660 845 686 170 710 1014 544 582 496 842 611 595 985 860 729 85 325 910 320 504 1002 43 712 732 359 813 773 475 768 82 318 339 92 721 234 894 208 507 650 451 415 391 

   z2_pi: 2b471a343527320b174f1342251524360e4d37452c16334e432d0405440f3b2e1d202a221019291102233e40520a391b28084801091f184a1c0d310c463a3d140351383c5030261e41062149074c00122f3f4b

   z2_theta
    z2_theta seed # 1: 0cba288d1f9dd662e167a1bca800844e
    z2_theta seed # 2: 56579e285670deca81a838b14096e439
    z2_theta seed # 3: e8c1520c37cc280ffeffaa117946375b
    z2_theta seed # 4: 661bfaf062cede42ee414b0fb1dcb3be
    z2_theta seed # 5: f92d2aeea64ba779116ffe2dcd8c9886
    z2_theta seed # 6: 493d5853264ac5750f9279b63a56c834
    z2_theta seed # 7: 7465c66203055bcd1c68ecab34d8f6ae
    z2_theta seed # 8: 8d60d0b8a9c51ec7145e5024eec61412

  cmt_1_alpha: f147b4711bb295eec8c3fa883e78cc33d648cf10d2fc69e95dde3be92ef1e4fd

  response round 2

   z1: 929 734 540 40 116 608 34 52 27 796 297 860 987 839 840 942 794 801 609 865 580 703 637 689 343 275 671 678 370 1018 358 493 530 312 141 482 804 692 474 338 336 26 706 718 710 778 742 185 110 563 499 642 645 687 512 236 558 669 234 410 736 423 125 309 956 98 678 325 421 827 935 668 840 226 1011 185 269 773 824 896 840 90 884 

   z2_pi: 4a1d3450323f494e0d0a37330039471f3b2f40220e10441a2e35024c0c461e2052130f252404121b313d303e07281c482a512b361119180b3c3842262c4d093a06414508434f052915212d17014b1603142327

   z2_theta
    z2_theta seed # 1: f016efcdd52e6f3b0c10caa6b5000788
    z2_theta seed # 2: 7d8594922ab2d89ddaf1e37b213f92d8
    z2_theta seed # 3: a1f8f23feddc2efe74f1953275b01a71
    z2_theta seed # 4: 3af4acd0e5de38fecdc6205bbdcec007
    z2_theta seed # 5: a743ed3fbdc86db476a917234e4f0578
    z2_theta seed # 6: c8fbd5f1ff39d0018d070d18cd3f08b5
    z2_theta seed # 7: 91efebba4340d2bc56ad01f6a9b32ff3
    z2_theta seed # 8: 2684e12547d06c96e650133274538bf9

  cmt_1_alpha: 797f8eea17cdcaa1eeccab8592e46fbe1766a3a00ee6afa3286f40152ee29f97

  response round 3

   z1: 602 368 100 526 944 696 444 347 551 818 79 65 830 669 679 592 570 483 529 534 295 812 852 414 151 632 233 964 613 384 16 325 761 897 529 807 821 581 538 25 821 334 676 940 475 298 154 195 1019 294 391 547 666 442 640 841 237 203 187 697 578 439 91 265 48 287 648 667 308 713 666 667 406 212 218 795 819 844 643 625 723 492 81 

   z2_pi: 2f1f3c3b0c2242180439282b27242632140b2c3a070551411b4d2e104c1d2930400d154b360f03081e2349120917483847061c431a134e2a3e212011163f44461934354f52333d0e002d4a0137020a50314525

   z2_theta
    z2_theta seed # 1: de8df84fe09e3eb0d28fe8a76d46608f
    z2_theta seed # 2: 278094cf8702ce60d3f563d58336bde4
    z2_theta seed # 3: 44758cfb7369d14cea0fb454a0b79b7b
    z2_theta seed # 4: 0e13c3676b421e3b4d52eca05303b433
    z2_theta seed # 5: 0fc777fd4ba4935029b619effff09285
    z2_theta seed # 6: 89ededba707547483e0aedaf8e3d7243
    z2_theta seed # 7: e15e990321b853ca905ce130a1e4e482
    z2_theta seed # 8: 802696f3fa1fc194c4ddab24b907d2f9

  cmt_1_alpha: 60dd6cbb4d1c9ae5f43535335aaab9e3217c78889be97cb9fb9f168c4e0372a1

  response round 4

   z1: 229 883 18 960 960 419 995 696 484 790 956 171 384 625 641 343 651 963 896 832 464 9 841 767 549 580 587 718 97 107 327 661 951 883 331 903 881 180 979 550 84 930 879 878 84 296 513 851 538 426 462 228 266 458 372 176 657 787 502 555 980 974 99 858 444 40 112 1002 509 9 410 587 56 964 882 611 339 404 179 175 67 889 977 

   z2_pi: 2e2d3223011315343d47054f023f4d0b1c3e403524284807423109143a06363c4c0c413b0d2a3016430f2527042044371b491e0e4b4e4517391d51114a29332619182c00101f12381a502f0a21082b52462203

   z2_theta
    z2_theta seed # 1: d01feece5543e7f38c799276942967e7
    z2_theta seed # 2: adcc01532cca48037d14db800e7006a2
    z2_theta seed # 3: 03a8c8f5ed30e938a1331391e6ad4d6b
    z2_theta seed # 4: 98ab94b2ccc59c776f07c7ef7ce5bae9
    z2_theta seed # 5: 67b9a58b333c2519140f8c6230c8021b
    z2_theta seed # 6: 8c185ac61f58d43e9532566214ac333b
    z2_theta seed # 7: 400ad4e024607019b23a85fa5809b7e5
    z2_theta seed # 8: f411c4ca23af1a682898e78659bedef2

  cmt_1_alpha: 439c174ed698c23feed425cf03e857664581fccd60a3d074013353ec2920a5fd

  response round 5

   z1: 377 828 508 64 47 748 734 720 718 580 521 479 733 768 119 830 915 729 439 820 175 978 159 920 450 878 313 828 226 623 734 57 847 930 88 452 245 904 28 735 19 852 523 855 899 366 745 516 519 343 171 781 490 372 721 667 88 920 679 392 498 522 265 565 586 702 711 946 78 651 951 312 175 632 424 569 457 928 649 916 936 387 53 

   z2_pi: 331e460223441003393609193c1b433222122f0d1f3e2d35084c042c0c4f00482715052b4e284231064b0b1130403a1618371320210e382e3f47340f174107141c251a2a0a5052261d51454901244a294d3d3b

   z2_theta
    z2_theta seed # 1: fb2fcd7577b567bd93c9547dbc533b5f
    z2_theta seed # 2: 24227f2b5f06ecde40b852353225a011
    z2_theta seed # 3: d57fc7f0a28dece1b0889e9c77eb0528
    z2_theta seed # 4: 3a618ecb1f5561e7e0419e58f2105246
    z2_theta seed # 5: 948cf8c485751e312a182be92b18ec53
    z2_theta seed # 6: 1f5683af6eeb0be3905f0e86d71ae2ed
    z2_theta seed # 7: 6fd5589e988f0da778f60ec265e8a8ab
    z2_theta seed # 8: 09c30c281216d598ea2d9aef3138fdaa

  cmt_1_alpha: d15ccf54d9edbc1a0c594680f545077cea1994b867b76de1d36d54259fc7613a

  response round 6

   z1: 379 535 756 348 339 182 508 415 972 903 748 296 14 930 441 327 423 581 82 940 151 63 615 547 314 586 185 859 776 937 970 558 281 564 689 841 1 226 434 632 36 63 44 38 992 52 658 639 623 706 185 193 339 600 786 20 743 488 303 596 603 308 61 169 173 935 615 851 17 73 212 998 458 920 822 496 550 49 440 439 582 54 684 

   z2_pi: 3201492e0e20513129463c2a140d180627392407103a523b2b453635441a2d1643474c1e4202090030380c1b2f041911034d08124a34250b401d3d174e1c2c5048220a414b370526283f130f1f3e2315214f33

   z2_theta
    z2_theta seed # 1: 76094fe55432f7db5368fa84e2d41a72
    z2_theta seed # 2: 3fa07816901032cb4f16a969a44eb87f
    z2_theta seed # 3: c237c496a233cc82ab4bb72839f3bbe1
    z2_theta seed # 4: b54661c836892d04df014a4d7a03ddfe
    z2_theta seed # 5: 35e314d544bdd5c7b2e0d979eb9c15c7
    z2_theta seed # 6: 93d3fb4fbdfc76b55fcc7f1141406102
    z2_theta seed # 7: fe6b6aaf0eb19acbb74fdd755ab5566d
    z2_theta seed # 8: 9de70f6923f299b8f23d9ef5744b5186

  cmt_1_alpha: 66c8328faee7bb98d457986dee48e2d388a9417a95babadfc25e44f32a8149fa

  response round 7

   z1: 431 176 950 757 68 306 334 511 281 896 693 706 421 728 226 815 381 239 924 707 608 264 173 303 926 551 264 138 221 316 564 1015 563 378 326 761 832 875 98 467 215 98 654 885 144 631 681 1010 754 166 875 284 561 329 150 95 320 924 204 679 129 59 614 446 395 311 20 483 709 530 730 849 413 206 569 832 191 167 487 636 168 354 451 

   z2_pi: 4f0a412c214239174c2806454a121a4d160203231f32183e0c101d383b1b260b310d474309501e2e2d350724460f053a2a4029194e15203f493722042511002f271c30334851444b0836142b013c0e1334523d

   z2_theta
    z2_theta seed # 1: 1cf048005e31288cbae32d39e4223d9e
    z2_theta seed # 2: a8f707d86dd8386f33852f99b8f46b78
    z2_theta seed # 3: 6a0e80c3b2abdb7bb3c2b17b0ee86838
    z2_theta seed # 4: 2c23ffc8f01a521a51eb9b8f7a29c571
    z2_theta seed # 5: d8a4202077dd785ec4bc88e784572bd4
    z2_theta seed # 6: 6b0f442da626e5ac6930c4e96c8c4039
    z2_theta seed # 7: 15438f0877ede77a913bbb76b409b714
    z2_theta seed # 8: 8e0f2ac100307ad5444da6461439148f

  cmt_1_alpha: c1287aa0db7c478efef7d1ad257726f7bb76879c0f58cc85f77e5ef93692ba25

  response round 8

   z1: 565 405 549 317 180 236 825 177 172 533 42 849 499 548 324 310 222 195 722 755 391 100 653 744 787 837 695 377 304 537 283 424 66 873 13 343 511 1016 0 501 507 706 812 23 565 153 974 379 526 386 3 18 823 616 717 462 190 798 287 666 840 351 721 7 156 355 475 608 77 720 190 97 260 578 429 138 37 298 190 185 957 916 332 

   z2_pi: 0e013c1307454d2c513a00460311400f272542472e2d1b182a193837082924341d0b140a391e21231f0431120c2b051030220936324b15023d173f1c4c3e4e5035434116284f060d4a481a442f2620493b3352

   z2_theta
    z2_theta seed # 1: 25fbe188e2e84ca407caa14f157866eb
    z2_theta seed # 2: 58fc8dabb9e15397e9ae54989e7932a2
    z2_theta seed # 3: 221c32cb4e5867a3081ddbe715f552f9
    z2_theta seed # 4: 2fc3c479ab98ef3c7118c045405fe4e3
    z2_theta seed # 5: 5c075a5348a700d3a3125680a07eb989
    z2_theta seed # 6: 3d5a303a9af456776cd249f2685fa500
    z2_theta seed # 7: e584814a152616ca3b84b41593751686
    z2_theta seed # 8: 6dfecb86db41580e30658cce01c1e879

  cmt_1_alpha: 9f7da0dd388645086437a4718c7a99e611635148f9ed145f826af91b82f534f2

  response round 9

   z1: 591 671 985 976 632 681 372 1012 159 357 683 188 916 227 932 997 836 234 289 310 372 744 180 981 945 1018 24 854 987 1020 570 818 218 450 253 337 765 443 891 254 412 120 45 532 366 275 417 244 847 673 578 937 670 925 299 182 509 813 885 692 877 987 977 231 929 1001 753 773 936 242 498 794 872 589 189 556 498 111 221 406 168 442 952 

   z2_pi: 0718462d35451b0e49513b3e4d2f230a410f3f215209282439203c2a142c4431291a08333d431d010d170206424700224e05033a161e3250264f2734304a152e3748361140254c134b1c040c120b1f1910382b

   z2_theta
    z2_theta seed # 1: a05d9a2e4fbc438dde76420044ee9af9
    z2_theta seed # 2: 4903f985b844e06753da4a4f0c9cdae1
    z2_theta seed # 3: fcbf4b5eebbf5a732a4f4a10b00632c7
    z2_theta seed # 4: 74cc87f0626cdc2c9c16f13f5bbbab0f
    z2_theta seed # 5: 1d0a77f5c30a1cff193606ef16141811
    z2_theta seed # 6: 9afda16ffc4153b538540a9197f08413
    z2_theta seed # 7: cdfe0cd39fc8ed06903537c808891c0d
    z2_theta seed # 8: 0c0832ab6a65802d532c43039864246b

  cmt_1_alpha: e0af86c17e9351729de05d885d67166437d94a131500152067bd2e99ef72d64c

  response round 10

   z1: 866 90 962 885 300 893 433 384 137 127 586 232 47 579 527 555 32 828 428 358 75 139 1008 486 995 568 665 835 247 687 817 903 930 39 174 271 655 997 221 529 723 748 888 960 638 151 169 846 37 317 12 112 571 974 1008 502 18 735 236 574 805 630 215 886 950 775 604 289 177 15 373 593 1013 359 53 578 514 687 371 246 179 408 781 

   z2_pi: 0e4e3c4812511e3b1d31030805460c20062f1b0f414f07374a0928110135222139273a2b23101a19382c2a52334c3d0b15041f3f491c242d4d293e0d171850264442340a004340142e360230134716254b4532

   z2_theta
    z2_theta seed # 1: 194ec41f42a3f2a3becb38b6f5d6df83
    z2_theta seed # 2: 78de56c4de3d15fb796406a51e980417
    z2_theta seed # 3: d3a15c36a395ba53cac1a1644ab18f47
    z2_theta seed # 4: f2ca6b2453d78dd09396599cd9b45d00
    z2_theta seed # 5: c0e1c1b6f1705fd3e0363aff78fbde34
    z2_theta seed # 6: 83e41cb4bda65662b080f94558d897b6
    z2_theta seed # 7: 698af13304cd51d17442b8e6ba4311d3
    z2_theta seed # 8: a3cb80a8f12b47bdb28e0787aef9c92a

  cmt_1_alpha: 21f40f7f5571b5a55006f6ddeefd2e5efe46f2820686a5aba487159db7b2dc0c

  response round 11

   z1: 23 400 294 890 803 1000 317 372 478 175 790 695 802 881 759 15 603 285 289 924 131 173 1014 405 100 91 828 575 713 914 706 284 1002 179 481 143 841 712 235 605 54 433 219 201 192 287 730 332 110 239 796 579 274 197 942 138 318 340 105 588 27 812 816 296 773 25 287 461 906 86 40 1005 802 844 334 522 463 985 202 913 95 752 731 

   z2_pi: 1a122a041e4f3a0d28112534230c480727264413334d1915164151101b142f0b4717025240353f453000204c224318504b242903310805461f493b2d062e4e1d2c32010a213c380f373e394a09363d0e422b1c

   z2_theta
    z2_theta seed # 1: 5da9443af2aefa267cbcdacbbe6c84f5
    z2_theta seed # 2: 355589e508795e1892a248a353a6e1bf
    z2_theta seed # 3: 18ff63e15c632f29564786419d55197a
    z2_theta seed # 4: bae95f95d0402695746e48252223e34b
    z2_theta seed # 5: dfeff2e9c583484efe7219f3638fa240
    z2_theta seed # 6: 0d8bf38a35fc4220ec494314ba150e65
    z2_theta seed # 7: 83f81aeb5e71ce5d89c3deb8509aeece
    z2_theta seed # 8: 07d8e3c4ced4d17763219fbbdaba7783

  cmt_1_alpha: 8a70f27a2b1ff5a1cda78549295382abbaa01a6ce54350353848c80574630d5a

  response round 12

   z1: 777 337 516 10 906 559 744 884 860 180 458 924 536 752 1001 693 44 92 228 666 814 339 209 515 514 785 43 149 169 630 29 594 9 39 365 989 576 120 864 337 536 680 251 453 900 592 394 20 27 310 271 490 645 724 754 58 849 568 494 783 581 579 316 957 737 1005 61 461 516 699 245 911 190 253 318 260 198 320 839 588 810 82 389 

   z2_pi: 0149134b350522062d391c4f1f1236240b404d43304c51183d2f0715344850322c161a4138313f20264e334500460c422b2a0e14523b254710283a29023e2e1b031e440921371d3c08274a040a1119170d230f

   z2_theta
    z2_theta seed # 1: a4fe88bbf973395fbd804c75f32ee11e
    z2_theta seed # 2: aa7edc47d0f6832149736d5e4563fde3
    z2_theta seed # 3: c4075535154244f3bf9c0ddc011287f3
    z2_theta seed # 4: d927f5b1ad6a3f2a4ba62dff93923f77
    z2_theta seed # 5: 07afea22497e71fc42295ba65c224ae0
    z2_theta seed # 6: 769d08740715df111b1beec396c83679
    z2_theta seed # 7: 7f890b52ff326a1872973e3a5549aee3
    z2_theta seed # 8: 014ab00d9980b5a305a7e8986fd296d8

  cmt_1_alpha: f15f532adfacb366f116bf24ac8f0460fa60b2cff7acfdb3c220a037f92cc714

  response round 13

   z1: 96 719 292 128 170 838 952 774 46 94 904 308 568 683 797 853 724 238 398 349 564 740 462 791 183 673 563 673 983 445 208 255 713 115 210 279 662 265 306 899 374 568 621 46 625 722 268 308 298 868 495 441 85 673 405 745 146 741 759 840 910 918 390 41 499 537 508 792 208 46 439 189 296 330 220 1009 578 355 83 714 894 946 800 

   z2_pi: 293c1a0e2a011e2c424017351b0f3f1c212631523a43453e4c463d0c22054713142d24442b3330500a0b074f3237004a15413b021f12253438094b1d4916192320280d4836184e2e2f39110627514d08030410

   z2_theta
    z2_theta seed # 1: b707ef0609ad677c3b50bdfd6fbb0a9c
    z2_theta seed # 2: 27d65d3989bde4ac2eb456ced3c076ff
    z2_theta seed # 3: 64836aa0b0bb7ea763d64c340675f0d7
    z2_theta seed # 4: 42fc649f55895d0ddc7fb09c82a18104
    z2_theta seed # 5: 4fa9fda615a4732ac67fddead8bf47ed
    z2_theta seed # 6: 9d3c5657500bcae0bcad086f97e250d0
    z2_theta seed # 7: ce100e9876eb5877b3850429395e86ce
    z2_theta seed # 8: 139019f4611f854a63df93e45d435d0b

  cmt_1_alpha: f556baec40312ebdca387883cd629fcde4147c687d9d9ca5351af71fbc8a9ff2

  response round 14

   z1: 660 80 222 938 756 8 164 828 422 347 218 96 719 501 47 334 434 485 674 584 705 432 845 447 238 318 273 708 16 578 598 168 396 244 677 373 227 688 535 990 185 828 160 724 550 943 508 208 347 449 38 378 906 127 56 199 419 781 666 848 855 824 426 776 416 39 844 289 759 426 1020 855 355 961 330 978 46 89 705 665 25 938 126 

   z2_pi: 43320016081c223501360b05021f472f3d424033373112272c14090f4f2d0d4a382a2b040c240a0e11393f1b291e1a301018492620453e48195215034e253c5006513428444c2e3b21414617131d4b07234d3a

   z2_theta
    z2_theta seed # 1: dacfa8755f907bff133988f718f4370d
    z2_theta seed # 2: ffb430e5128b3a5b9cc360983e85d71d
    z2_theta seed # 3: 27c0047d58b4126f284d3e368613d44c
    z2_theta seed # 4: 622385d4febef8bbd15804237a2a24f5
    z2_theta seed # 5: c50eff9ca77a684694f408e99877a438
    z2_theta seed # 6: cbb2ceb4aef389c46fb73915a9db9fba
    z2_theta seed # 7: 38f3e60118eb7d22d3ce8281722327e2
    z2_theta seed # 8: 14f8e8c08f5a8221b4368eb788189fa7

  cmt_1_alpha: e46f59d22ac0a7986d73c53b3f576b70c14049a5b15f9e1fafe75fbd3d4abacc

  response round 15

   z1: 607 676 125 211 832 176 225 452 16 809 1015 162 108 419 749 831 745 903 351 564 270 665 442 181 471 331 743 6 464 872 546 482 213 216 703 420 48 355 281 217 343 403 127 39 912 892 990 317 45 921 328 81 219 531 854 333 84 567 528 489 647 541 417 191 203 326 14 749 718 570 292 381 836 597 574 210 98 439 112 726 177 524 218 

   z2_pi: 5131084f1c3237520c12140550272449044d02293c22170a0e4c152d4b1f40460923332e010313004816473a2b412c11254418392045360f260d210b3e30191d3b35382f2a3f281b1a1e34434e074a10423d06

   z2_theta
    z2_theta seed # 1: e9f5a2bd5c38ebb8fd627deea8f2d34f
    z2_theta seed # 2: b7398935ff9220b2478c7549e313eecd
    z2_theta seed # 3: c3fea7e3087494885ea2368db53900a5
    z2_theta seed # 4: a2552b045087b4e16881da2c14cf6983
    z2_theta seed # 5: ef727c80ba5093d045a206d390e13243
    z2_theta seed # 6: ed5a2c9d4a935d6583ccb9f8e75caf75
    z2_theta seed # 7: 2a5177daf5f0866f4b62624d5ecb5171
    z2_theta seed # 8: 9e9946774fc66226c27df804d09c97e6

  cmt_1_alpha: 7d9fa108e63ce982b5cc2a084d48ec517bc1e2549fe4f72496bd795d67c310d0

  response round 16

   z1: 530 44 978 113 343 854 69 304 631 860 904 678 959 291 478 557 57 15 232 920 136 448 1019 550 411 816 963 695 590 384 754 982 865 429 690 906 219 470 573 991 418 759 161 850 271 96 291 325 441 976 127 314 654 1007 728 894 605 1 505 730 441 797 5 6 386 985 914 191 927 686 257 442 642 494 494 856 565 661 155 28 138 538 935 

   z2_pi: 234b2e305131465018251604450049394020121d0c520b2c1a4e3c362d0d053429193d38094a3f031f4247350f2a282b0a1148074f08142743221b21263a41171c242f024401333b133e370e101e06324c4d15

   z2_theta
    z2_theta seed # 1: cbe33beb5367b44debc2a792e9e7fa04
    z2_theta seed # 2: 1263648ed99ee041e80b90583bd09df5
    z2_theta seed # 3: 017ab3f9a2263d1118be6b30e5976197
    z2_theta seed # 4: 06aeef78793bfd9a91b275e3da870ada
    z2_theta seed # 5: 0e5927e43ea116a95a3f83e13a510440
    z2_theta seed # 6: 72b7941a964ec123af8176437a41870d
    z2_theta seed # 7: f76d1897ed6754d256731c70a9de4765
    z2_theta seed # 8: 8e16932ea06b5f33144d103606a0acad

  cmt_1_alpha: ed3f47318ed4f3eaa3184dcbbada2aa21e65164483812c0a5b38e7ea1a6fa2a3

  response round 17

   z1: 921 784 588 475 664 926 748 593 508 936 941 945 278 127 310 800 977 822 416 434 987 672 837 406 872 105 807 708 1 147 744 993 537 814 955 629 401 650 11 31 48 963 153 949 37 126 465 777 419 930 23 585 80 688 999 623 344 503 568 923 343 607 756 362 726 714 991 97 782 235 35 612 112 744 877 880 45 836 64 808 504 482 24 

   z2_pi: 344d2b080e00471d1123420c31461c3b4f1f414952350d0426454415482f10133a02033e4b3d253c01201739122124192e0b220629302d51284e0f430a09383314271e4c2a075032373f1a364a1b2c18051640

   z2_theta
    z2_theta seed # 1: 47717b3aa37330440e3b8712fd353fd4
    z2_theta seed # 2: f0b7a9c2c5a22fea98be25f3d3aa0daa
    z2_theta seed # 3: 1f48a9d942db533691e06ed2befa1cfc
    z2_theta seed # 4: a1796c825073c3d934c35a6de3d45a66
    z2_theta seed # 5: 9e3a256557d654a04a4f2c8592e0bf78
    z2_theta seed # 6: eabe2aec2f85b860f5e579f76d0b0f64
    z2_theta seed # 7: c6f12eb81a99fbdc296645b8b9a24e6f
    z2_theta seed # 8: b3f9f4daf9411c6a55c86533f96dab35

  cmt_1_alpha: 6aaa6170c39a0ae9419a52ec6dcd64e807068ca4aa3c57b1b31cc9ef71fb2eeb

  response round 18

   z1: 872 771 273 644 765 824 314 727 740 519 933 398 337 532 393 732 568 312 184 85 423 992 208 360 915 440 193 468 775 615 821 109 572 280 262 372 74 795 708 721 723 153 764 236 853 513 782 178 51 48 995 181 897 234 79 388 505 887 320 384 25 950 1008 509 175 682 889 319 684 984 646 953 517 132 794 639 724 686 506 116 782 46 937 

   z2_pi: 500d460f38202e3243130b304947310934071b4c4b1c21180c191d3b4d51014a23262a422d224540003624394f053e061a023f1e353c3a112748251441045212281629101f2b330a1544080e37174e032c3d2f

   z2_theta
    z2_theta seed # 1: 95d40255e0d7054aa7277577bbd8049a
    z2_theta seed # 2: 4c6a962451895fd400a8d695e8d1809e
    z2_theta seed # 3: 547d2a1e56844365a1cf9c7076191b09
    z2_theta seed # 4: cd6bb526a33a6235b650c9ea2cd15f54
    z2_theta seed # 5: c21bb8f80a35ff14f25a7a63318ad737
    z2_theta seed # 6: b582575aed0c3279688116e8a76720b5
    z2_theta seed # 7: 1c2202e5c315e12704ef1bfb8be6e2eb
    z2_theta seed # 8: 05d8378a2e4fd5d1a3815377acfce460

  cmt_1_alpha: d479025ac134a92a4b90cb7aeb23d1f1be954dd36b3fe0f47bc7310bcde969be

m: 0000000000000000000000000000000000000000000000000000000000000000

sm(CRYPTO_BYTES):
5e2cab5b5766a64515d7c7ad3eb675c0fd08eebbebbe669bae6001865438d89e
8cb90cfb143530742a737aaec61c8d8c38eab61077dc8d279bbd7a0695be1b82
110ed187f17a3484bcee1801677bf2a75c2d38cc077cbe1c61155bfba3cae6d9
f147b4711bb295eec8c3fa883e78cc33d648cf10d2fc69e95dde3be92ef1e4fd
0cba288d1f9dd662e167a1bca800844e56579e285670deca81a838b14096e439
e8c1520c37cc280ffeffaa117946375b661bfaf062cede42ee414b0fb1dcb3be
f92d2aeea64ba779116ffe2dcd8c9886493d5853264ac5750f9279b63a56c834
7465c66203055bcd1c68ecab34d8f6ae8d60d0b8a9c51ec7145e5024eec61412
797f8eea17cdcaa1eeccab8592e46fbe1766a3a00ee6afa3286f40152ee29f97
f016efcdd52e6f3b0c10caa6b50007887d8594922ab2d89ddaf1e37b213f92d8
a1f8f23feddc2efe74f1953275b01a713af4acd0e5de38fecdc6205bbdcec007
a743ed3fbdc86db476a917234e4f0578c8fbd5f1ff39d0018d070d18cd3f08b5
91efebba4340d2bc56ad01f6a9b32ff32684e12547d06c96e650133274538bf9
60dd6cbb4d1c9ae5f43535335aaab9e3217c78889be97cb9fb9f168c4e0372a1
de8df84fe09e3eb0d28fe8a76d46608f278094cf8702ce60d3f563d58336bde4
44758cfb7369d14cea0fb454a0b79b7b0e13c3676b421e3b4d52eca05303b433
0fc777fd4ba4935029b619effff0928589ededba707547483e0aedaf8e3d7243
e15e990321b853ca905ce130a1e4e482802696f3fa1fc194c4ddab24b907d2f9
439c174ed698c23feed425cf03e857664581fccd60a3d074013353ec2920a5fd
d01feece5543e7f38c799276942967e7adcc01532cca48037d14db800e7006a2
03a8c8f5ed30e938a1331391e6ad4d6b98ab94b2ccc59c776f07c7ef7ce5bae9
67b9a58b333c2519140f8c6230c8021b8c185ac61f58d43e9532566214ac333b
400ad4e024607019b23a85fa5809b7e5f411c4ca23af1a682898e78659bedef2
d15ccf54d9edbc1a0c594680f545077cea1994b867b76de1d36d54259fc7613a
fb2fcd7577b567bd93c9547dbc533b5f24227f2b5f06ecde40b852353225a011
d57fc7f0a28dece1b0889e9c77eb05283a618ecb1f5561e7e0419e58f2105246
948cf8c485751e312a182be92b18ec531f5683af6eeb0be3905f0e86d71ae2ed
6fd5589e988f0da778f60ec265e8a8ab09c30c281216d598ea2d9aef3138fdaa
66c8328faee7bb98d457986dee48e2d388a9417a95babadfc25e44f32a8149fa
76094fe55432f7db5368fa84e2d41a723fa07816901032cb4f16a969a44eb87f
c237c496a233cc82ab4bb72839f3bbe1b54661c836892d04df014a4d7a03ddfe
35e314d544bdd5c7b2e0d979eb9c15c793d3fb4fbdfc76b55fcc7f1141406102
fe6b6aaf0eb19acbb74fdd755ab5566d9de70f6923f299b8f23d9ef5744b5186
c1287aa0db7c478efef7d1ad257726f7bb76879c0f58cc85f77e5ef93692ba25
1cf048005e31288cbae32d39e4223d9ea8f707d86dd8386f33852f99b8f46b78
6a0e80c3b2abdb7bb3c2b17b0ee868382c23ffc8f01a521a51eb9b8f7a29c571
d8a4202077dd785ec4bc88e784572bd46b0f442da626e5ac6930c4e96c8c4039
15438f0877ede77a913bbb76b409b7148e0f2ac100307ad5444da6461439148f
9f7da0dd388645086437a4718c7a99e611635148f9ed145f826af91b82f534f2
25fbe188e2e84ca407caa14f157866eb58fc8dabb9e15397e9ae54989e7932a2
221c32cb4e5867a3081ddbe715f552f92fc3c479ab98ef3c7118c045405fe4e3
5c075a5348a700d3a3125680a07eb9893d5a303a9af456776cd249f2685fa500
e584814a152616ca3b84b415937516866dfecb86db41580e30658cce01c1e879
e0af86c17e9351729de05d885d67166437d94a131500152067bd2e99ef72d64c
a05d9a2e4fbc438dde76420044ee9af94903f985b844e06753da4a4f0c9cdae1
fcbf4b5eebbf5a732a4f4a10b00632c774cc87f0626cdc2c9c16f13f5bbbab0f
1d0a77f5c30a1cff193606ef161418119afda16ffc4153b538540a9197f08413
cdfe0cd39fc8ed06903537c808891c0d0c0832ab6a65802d532c43039864246b
21f40f7f5571b5a55006f6ddeefd2e5efe46f2820686a5aba487159db7b2dc0c
194ec41f42a3f2a3becb38b6f5d6df8378de56c4de3d15fb796406a51e980417
d3a15c36a395ba53cac1a1644ab18f47f2ca6b2453d78dd09396599cd9b45d00
c0e1c1b6f1705fd3e0363aff78fbde3483e41cb4bda65662b080f94558d897b6
698af13304cd51d17442b8e6ba4311d3a3cb80a8f12b47bdb28e0787aef9c92a
8a70f27a2b1ff5a1cda78549295382abbaa01a6ce54350353848c80574630d5a
5da9443af2aefa267cbcdacbbe6c84f5355589e508795e1892a248a353a6e1bf
18ff63e15c632f29564786419d55197abae95f95d0402695746e48252223e34b
dfeff2e9c583484efe7219f3638fa2400d8bf38a35fc4220ec494314ba150e65
83f81aeb5e71ce5d89c3deb8509aeece07d8e3c4ced4d17763219fbbdaba7783
f15f532adfacb366f116bf24ac8f0460fa60b2cff7acfdb3c220a037f92cc714
a4fe88bbf973395fbd804c75f32ee11eaa7edc47d0f6832149736d5e4563fde3
c4075535154244f3bf9c0ddc011287f3d927f5b1ad6a3f2a4ba62dff93923f77
07afea22497e71fc42295ba65c224ae0769d08740715df111b1beec396c83679
7f890b52ff326a1872973e3a5549aee3014ab00d9980b5a305a7e8986fd296d8
f556baec40312ebdca387883cd629fcde4147c687d9d9ca5351af71fbc8a9ff2
b707ef0609ad677c3b50bdfd6fbb0a9c27d65d3989bde4ac2eb456ced3c076ff
64836aa0b0bb7ea763d64c340675f0d742fc649f55895d0ddc7fb09c82a18104
4fa9fda615a4732ac67fddead8bf47ed9d3c5657500bcae0bcad086f97e250d0
ce100e9876eb5877b3850429395e86ce139019f4611f854a63df93e45d435d0b
e46f59d22ac0a7986d73c53b3f576b70c14049a5b15f9e1fafe75fbd3d4abacc
dacfa8755f907bff133988f718f4370dffb430e5128b3a5b9cc360983e85d71d
27c0047d58b4126f284d3e368613d44c622385d4febef8bbd15804237a2a24f5
c50eff9ca77a684694f408e99877a438cbb2ceb4aef389c46fb73915a9db9fba
38f3e60118eb7d22d3ce8281722327e214f8e8c08f5a8221b4368eb788189fa7
7d9fa108e63ce982b5cc2a084d48ec517bc1e2549fe4f72496bd795d67c310d0
e9f5a2bd5c38ebb8fd627deea8f2d34fb7398935ff9220b2478c7549e313eecd
c3fea7e3087494885ea2368db53900a5a2552b045087b4e16881da2c14cf6983
ef727c80ba5093d045a206d390e13243ed5a2c9d4a935d6583ccb9f8e75caf75
2a5177daf5f0866f4b62624d5ecb51719e9946774fc66226c27df804d09c97e6
ed3f47318ed4f3eaa3184dcbbada2aa21e65164483812c0a5b38e7ea1a6fa2a3
cbe33beb5367b44debc2a792e9e7fa041263648ed99ee041e80b90583bd09df5
017ab3f9a2263d1118be6b30e597619706aeef78793bfd9a91b275e3da870ada
0e5927e43ea116a95a3f83e13a51044072b7941a964ec123af8176437a41870d
f76d1897ed6754d256731c70a9de47658e16932ea06b5f33144d103606a0acad
6aaa6170c39a0ae9419a52ec6dcd64e807068ca4aa3c57b1b31cc9ef71fb2eeb
47717b3aa37330440e3b8712fd353fd4f0b7a9c2c5a22fea98be25f3d3aa0daa
1f48a9d942db533691e06ed2befa1cfca1796c825073c3d934c35a6de3d45a66
9e3a256557d654a04a4f2c8592e0bf78eabe2aec2f85b860f5e579f76d0b0f64
c6f12eb81a99fbdc296645b8b9a24e6fb3f9f4daf9411c6a55c86533f96dab35
d479025ac134a92a4b90cb7aeb23d1f1be954dd36b3fe0f47bc7310bcde969be
95d40255e0d7054aa7277577bbd8049a4c6a962451895fd400a8d695e8d1809e
547d2a1e56844365a1cf9c7076191b09cd6bb526a33a6235b650c9ea2cd15f54
c21bb8f80a35ff14f25a7a63318ad737b582575aed0c3279688116e8a76720b5
1c2202e5c315e12704ef1bfb8be6e2eb05d8378a2e4fd5d1a3815377acfce460
a4d2ae5b56037aaa7244f3fad24f09dbb2fe00173d5fea93b593fd43beeed06d
9f29233bad23a13dc1daea997e21e1e5aab40550dab4abaa186b3f8846c2a7f4
985366cf75b65514e53850f8a9bf02b2dc9ed572c1db012c854f537111ad3a7e
43b39fa2c37d7658e8de7288021d608a40c3061ca7c4f5f64723edbac6218719
3691bff619eb55137d6aaa5cfa9bd59e843835221ec9b46a2715541a08ebacb1
0a9b9b8b1b33ce2768a1af02c88e8b9daaa319b8a7f55113ef62985a54693b9f
ce29d2e2cc9f4b4305e30c38d25ad0ad255c6438083baebc6d75a2cc4f04e173
a7a742a9e378115a7812cb547b76099ee9105f26601014956fe0119e5c73911a
6650b353a4b2be9d4a9a0cb3bf49878da8a96e8026ddce32bbe42ae46d5b2404
c347886e4a53b29a6e6a1935da6c3c33d383c6392d7b519433b704c0033fdaf8
b8926731efab001667a0572d3a3ce040439740d2ff9648e492ce86b1c65195de
3ef75287c74dcbf4265221fadb6e53815280536ba89a73e428a41c5db0443ab1
7d2b52effc185af386021ceaf79780664be240bcdc634e45d92caf0c9177f479
f1cc1f102fb0eb2db4ce1299e077dd027c87cf93677b1bcdaf48ff09e6c2b99d
13cfe2bce96d0e4f8b8e0571f520cec1b71350bde0d583bb952e81075eb54ac3
ead115eda658607e2a62f22998508d4afa7aacec4e2c7a3b4eafe0895a8ec981
9e28e5a80f56c35e17d2cbd554b6f0f719f387b38b9203a2e776d469454ac1fa
253f9c39a24e4ae6b235c2a92bef624634c69a7400e2c88627093fb06002f834
48fae79bc2e612cc54584a4cc1b9e8bd44e59634f5904a2ba79f397504495063
be7298db0c9f8931e0769b9136b0fa1a2cb6d74b844c4efd9711e0b50a5b1ab6
e2bcdcd73b9c0f0b2642adbce4f9890829d20d4f34de3fa35e46e50bf4da624c
778d188ed60dc99da9ca2faf296b73146352967c0114e7cc9c1ac80e66fab6d8
4d148c57ac84da46dd99333902fdcb29e7f1898a58c3d55859893dd1c24eceb1
b052a10a51cf4722513679338cb4f31e4646a3e84e5cf4ad79c194e146a80991
760357fd873f00f5ed272ccb17d49889f37b3928d80012dc8c66b3cef9e2f147
9a22fd55b4077032d676603601ad2f611024646b8a94a0922fb9f44e39534f7e
9a3df478a64a17fd9f94b52a2f948f437af944ab13924d74a14b4bf5b1eb8f81
d5dbf3afa3ccda08d74f54fdeeb6b73f9ce1d102856e4d141a3d4f872a64ea9e
76be922dfdb55c37ad6d6f1ffd39a1a71f6fc1a8cb239fc66837d90b8bf2bdd1
8d65a8e886bbd85a085f374b7dc70658227f2889ce0b433eb822083cb366d612
8bc06fdef838663af43dafc67cb8e827b8f2d0a3e57713e1b4ece20dbc9f97a4
e274093d3100c78ecec36f9f04dfb2e363c9765e63b7ed077319522c0fd41565
fd67d520a480afce65cf2c98357c016426e93d32fa3dd1e5dd2b16df2a72dcf7
3eb0654721713e482bf65746c6163cff98ace4c272a4fe2ce13d9234b2eb7469
436cdb2403cc47da32e5c63b1c0f295131ae2be213556930b901cb30a3547006
1f35a7b81528b42f32d34e29f85cf6ca44fe05bcdb261c15810a28fe22ba7473
4d8b729c63086ffab5b2c005399aba3c5534030a18f10a95a462670752267042
5bdd038907d8516188ea3ec5110ea562146c60d343ea154aadbc3a448da37b0f
1739244fbd87db7e0fcd11b86b3d8ffbd28f4f041903d4d14caa2c4561603c4b
1220aa188dbbc12e7881384d38aeda71d5d4bae358573492ebdcc5b7843a63a8
d7f706cd3fc9ce21cd45962624d3e076e1d8a60b714acb104d2a91fd5e6e5584
5a59ba92947b2fd28e5b6e580af365c81fc6d0b8705b2f2829c54dfc428e3585
b27ecb0e32a55078a33abd0890c2b3695b6903c6b3f5bde0946ce5898a64b0b0
35fd9b3b3e45442c04425a890a63f4945ad738b05ee87d2e3c8342ad89aff307
cd56c199a097e27fe070cc680d6b0af5d538ab86306827301dd2bdaaf17ff558
c12b25bd0b59049b6906aafbf125a97d4c03342ce1100741caf78bc2c668edfe
9ceee15fd1e850a6bad572dd52e71a001dda228a570d36bf9206c358196573d5
647f9c0039dfdef7d442e64845b1cd84563745c58d10a6776887a1fdb28c510e
b4ebac8e24f54574953e4a23c66d70581b0b83da48c882f4715c65751130ddc9
35e2a6fe3e92772de6f0003a982302dcfe266e06f3f0b73a0998bcd687dd9aac
8a6f635d8fdf8b766f28523f04c64845e506fd1f3a39fa3eb67e7719407edae6
d67101060896bde4bf7cee6a40ba09ea9e7b58d758e9261c28a2e1e99943cce4
76987ace6e94fca1de7aec16fd6113c8d1db0c9a6cdb835ab46568a77132b101
4c826ef819babc7b9d9129bac007300c9f49ed25f8115dc2a3897e419250c07a
fe9b58dd87e3e6577d49af5ad62afb7d180eaf33029970a0db36dc2d100d04ca
f8898701da03474468bf38eb742db90796ee58541426c62d8e38e152c569e043
83d6e4b80543ddc167d6dc068f18194497121b131bedb499f0cb4ed5013a2ccb
0c308c5f4be0ea3c41587e7703055806b6c3dfdf2baae6fd13abd81b9a7b8184
68fc27b5aeea4787c32ea40e21594cae3708d2bd8feee10199203b0fa39fcf5d
018d836239835dcb8369a31103c57cadf5b84df84214bc2b0eed4ad2882a2d3a
7d1caac24459d52596f3afa63255f6499749f2989ec109d89c012fb99bbe5a87
827f8d603a2024d28a9e6795668665aa6247a415008ae1bd3d189388462adbf5
7c77c34a0c62cb1b2116cffc8b030768e164b78aa54f01982c72a046ef99e946
f9014993c3ca6dd9cec54f25446932a7f9cab460639de603e1cf31a17a918dc4
c35e1a86c782e330b9bf81644a917ea4601da8f0391c0583631fa83ba635410c
84a83d9e7c6d37c3cb3b776be0518149afcd6d335188a437a23d06045c9baa15
9b86c421f49257e80b098f201f6899335cc91a922e93e78e61c2afd2070bd823
d4cc69a49baea39d0926ebf559026bbe27bda172e219795e8e2f92e902036bed
8fdb9c5a0d850cd664bd126f1f8e47f3762adcb55df2f79cca68dd6f7d8eab59
a368f24de755654e1fe26de1ecb438f4ac17343b30fb23bdff5aeab20c700847
42a133fa081dc342dbb445fb580737e503cda6e353e7071bd76eea15237b5d3d
727ae4beaafb84b81c12f6342c5b1944b1d9485e594bf3cc4d04649854df14ae
049fe52b632c6954d5ce23d863643fa762f83086f03f7948612eaa09a6cccba8
bc06a1a7948c9a28aeb629d7015421d216b7ac3b075713b74b9e07239a99a989
43417157c2f2894aa43dc043a6a11c5b0f5dedb1d45a75cbcb8e6be2d6448466
4bcad06c1dd4837e8730e01d3e28c3fcc04ec3d37158b217df8066790be0313e
bfd894ece3f2bd0323c843e064fa0521cea8a892e2ecfb4dd2e8207898618c50
d337238a87c08f74043c2f8a59e534ddaa4dfd04e5e04778446b4ab7c5624767
b83590c256e822cd63342979c23b20e95bdb8eba4acfc4ec67d7d71184c31db0
a25400c31608aa036f3380067576743392817c331311d326b788af186cf2a668
ef1d781b5f464e03e942d65c5c06621880ad612f0e9f6737216084e2e4dc0065
20a0028e8523a7fa9501dba30b664a017b76e0deb4cbfc85fd2254cd72980244
6a8f4463ae584b459744e3aa4f27c5cf2bcbd7786411f02360cfa2a0f39e765e
186937508329c1008fae34c5305634e2d846a924ad04558342082c9fb0cd9561
e542f5b5828e7c232c3aae23e4a1de983f069c21a138fa68de889340bfdb7730
67daa4d8e85305e88cc1b8ae6c8af4600e6d11a1bc63ac05cf2b03cc05047b04
14241754e4d02a6c1367a1f97c3ea37aff12fd89f47808ea40305fb6d00925e8
229ccd56849548b4e76df75436912921301eac5eddb8d8ece92a164b17a3f386
8d0b1dcc580703e79c2d369b83619bc3589fbf98c58dafd8177c08138000add2
826b621ab00815c37c0597fc0f8fb8a4baa52f84b2a6c954095f62a15e682b15
bb83aabc1903a3f063845573aea5335504864025b38a009f83a75bac6203cea6
2b9cbc5774dceb08cbcd1be2d45ed0d4d728ee7b5285eaf73da61bcae95a7484
ba7e3d467b5f38803cf5c5f44833d6a6356b3dd3cbba80864d8f33f435eee0b9
f6d69e1ab44228eb72470cc44724c4534eb93b2fcd3091cacd5a830af2d8652d
2672e244c1078ca7e2dfc904816ffcd0ce81314a1626556dbba0c8926adaab00
93a93b0a4886818037fbdfd15525a15860094a8f9b5273b7d85cc4013a7b9521
d90ec5209b837bef0d43





### SIGN OPEN ###
Done

