
*****************************
**** PERK-128 ****
*****************************

n: 83   m: 36   Q: 1021   N: 32   tau: 28   Sec: 128 bits   Public key size: 241   Private key size: 257   Signature size: 8026   




### KEYGEN ###

sk_seed: f9c129948d41687478431362ce74a0ab

pi: 0c520936512046342c4a2b4f101f4925061e4d393d4e0a1b1217032802043e213c07010f321c310e2e2d4145233014083a1a37002f0515113b484c26420b134047352a3818161d4b503343243f22192944270d

pk_seed: 91618fe99a8f9420497b246f735b27a0

H: 
  109 965 673 019 237 648 840 373 834 280 902 555 039 299 146 456 798 530 232 752 289 125 495 729 614 744 489 004 561 846 080 945 409 580 474 229 454 434 612 071 732 431 827 855 037 790 461 804 946 396 765 965 478 343 509 278 096 006 782 208 473 655 602 079 726 021 550 533 754 610 170 651 676 329 325 168 367 880 402 309 888 726 076 
  336 979 096 294 657 821 554 445 421 762 209 351 454 1010 081 810 105 511 653 1008 1019 109 821 571 990 486 1009 905 725 973 142 154 937 192 829 110 883 907 687 086 661 245 440 542 110 584 188 243 206 171 016 066 312 896 663 191 227 568 560 627 941 576 215 129 445 526 099 111 525 931 956 046 663 677 412 101 293 332 804 804 477 789 1015 
  109 454 683 738 551 888 131 730 365 008 599 851 010 053 375 440 267 196 959 503 528 260 512 072 005 197 501 526 536 588 080 418 251 895 404 117 353 938 019 616 461 988 072 863 917 522 578 051 045 624 212 135 307 062 409 173 843 451 506 795 800 423 842 887 104 962 003 059 475 193 351 463 343 309 1004 643 936 278 828 326 211 205 627 
  719 032 291 596 544 698 936 463 511 983 243 748 673 1009 283 196 526 931 944 977 953 947 847 344 852 917 339 643 778 846 141 114 265 774 833 696 991 080 230 688 915 134 218 443 279 300 525 595 687 054 457 837 425 199 366 246 559 463 663 057 606 836 192 679 332 432 765 584 371 002 513 256 907 1005 618 526 858 765 939 929 380 861 811 
  871 987 340 608 664 163 237 618 816 139 034 402 017 161 1009 439 463 180 370 774 013 034 986 029 045 629 022 387 651 502 727 417 222 601 619 594 698 395 861 555 478 679 149 714 164 567 613 934 693 498 615 907 381 761 259 414 573 913 481 192 775 599 667 172 550 162 705 972 867 716 709 667 780 924 988 683 705 359 429 816 231 778 875 
  762 123 780 114 441 774 184 107 030 741 438 1018 970 004 768 995 667 192 453 256 668 189 653 961 818 748 209 569 162 769 347 918 334 352 673 489 479 276 612 723 453 012 695 456 414 686 851 291 655 052 691 381 127 888 561 884 675 877 654 640 646 038 395 252 809 267 064 144 269 364 774 099 359 847 604 889 865 561 927 077 469 792 330 
  176 405 003 422 069 160 978 221 013 161 911 404 079 716 746 952 112 863 789 755 405 997 972 701 982 532 680 725 696 158 657 750 944 605 549 753 229 699 202 504 091 490 131 559 268 943 979 261 100 466 498 655 1016 848 686 388 690 572 453 737 131 220 928 592 324 772 846 836 902 269 157 1000 212 052 854 850 602 144 704 333 456 938 420 
  524 535 586 264 929 110 843 101 406 232 058 917 522 137 780 079 867 459 244 826 243 664 386 256 525 112 925 033 516 359 503 445 911 1005 235 308 096 834 653 425 045 896 696 996 195 063 760 859 992 344 280 367 684 991 851 012 882 282 337 532 061 108 462 829 737 709 1006 548 862 448 916 916 216 395 039 024 661 009 471 076 245 135 971 
  591 736 716 259 030 358 559 050 829 914 1017 915 082 413 820 778 331 671 1008 400 284 1014 305 819 910 802 454 240 535 619 270 083 286 334 540 745 315 436 955 356 075 117 995 538 255 082 201 881 567 831 236 476 390 208 239 950 142 518 510 132 522 138 052 665 052 009 732 743 277 777 300 080 370 871 432 955 195 798 748 929 240 705 736 
  035 318 742 674 016 977 666 465 862 935 477 927 994 981 956 500 502 921 147 128 075 551 082 829 958 459 227 155 494 369 267 808 663 641 595 912 281 1014 239 035 572 761 869 661 708 570 910 227 462 675 510 837 183 856 315 697 327 170 391 679 351 402 101 722 261 942 931 547 874 330 584 910 144 927 655 850 764 872 984 946 425 148 496 
  291 467 625 313 587 502 382 209 598 405 961 001 527 728 651 222 797 147 902 148 570 233 237 056 291 191 131 844 300 978 512 336 612 641 478 056 368 050 824 376 157 608 070 997 791 161 271 563 570 833 464 573 711 104 380 854 394 643 677 236 631 568 634 699 749 328 878 162 323 628 806 659 354 567 444 089 1018 254 794 1001 602 889 623 
  851 666 982 466 778 980 336 169 745 836 626 1011 937 698 969 163 344 084 959 252 898 240 226 190 211 866 305 871 537 305 378 176 498 828 390 443 453 460 785 885 830 883 390 490 615 528 425 706 799 946 775 993 639 025 782 1007 832 665 510 524 764 187 051 767 105 252 744 190 076 359 036 240 152 668 307 722 963 426 310 1012 120 774 287 
  627 918 144 493 436 867 133 354 840 695 856 771 295 257 579 854 063 357 1016 940 695 069 891 864 085 545 141 246 005 114 596 335 458 674 944 808 208 162 758 610 614 813 915 1015 1011 127 615 882 662 581 669 419 657 027 634 988 493 735 447 258 319 719 914 910 638 185 576 605 325 381 338 766 1008 937 778 227 871 095 908 582 259 856 169 
  486 072 579 606 312 056 898 524 873 941 582 433 746 968 484 947 911 522 863 125 439 265 726 231 581 1014 248 452 374 706 800 700 610 387 370 132 856 177 519 339 771 761 391 928 460 084 184 724 430 902 574 594 985 816 958 982 974 182 000 101 578 570 978 654 363 292 559 213 041 675 510 643 305 355 1012 665 305 892 064 090 974 503 612 
  765 054 398 091 373 1017 511 581 120 061 226 388 925 300 803 126 228 954 402 354 694 582 255 737 838 075 479 826 626 570 915 048 017 515 163 242 162 180 203 666 263 196 157 203 731 227 546 797 392 724 846 885 093 314 259 1019 419 636 852 454 001 016 614 521 266 683 038 303 623 064 964 682 751 001 964 311 785 168 067 389 296 734 531 
  100 901 666 650 138 536 989 388 383 328 726 817 681 920 655 503 737 407 210 189 429 1005 237 089 961 739 460 389 952 290 942 171 104 557 667 666 401 326 711 549 396 257 875 659 886 427 610 051 046 563 430 616 861 739 035 867 280 424 898 555 882 825 069 171 213 121 434 460 680 457 104 406 592 224 1006 695 079 821 544 835 569 030 365 
  669 740 216 783 003 851 290 274 573 258 029 1015 173 486 638 961 703 985 613 022 533 327 955 826 622 577 960 751 772 431 061 716 824 897 337 351 197 304 395 920 941 067 460 848 685 139 033 101 805 338 269 612 502 778 538 346 805 047 624 137 196 601 296 134 388 037 465 178 757 835 055 593 460 562 173 873 471 256 757 253 825 361 772 
  961 804 543 916 975 302 416 546 639 191 998 266 184 392 663 537 928 587 582 494 783 934 333 009 883 681 818 110 700 732 140 640 920 993 691 642 051 955 657 912 623 610 814 383 233 224 739 967 868 892 325 020 162 459 740 896 236 821 949 914 282 312 274 073 353 576 202 145 038 661 364 624 716 501 246 102 688 182 178 759 786 099 719 
  518 664 124 400 436 648 187 483 371 1015 836 423 673 649 151 163 942 585 107 230 453 945 017 720 895 027 668 965 931 457 481 352 484 173 164 243 499 322 1017 002 849 429 975 837 236 748 035 1019 120 164 468 006 583 465 856 950 933 198 118 295 975 948 775 855 135 350 955 416 586 365 378 860 366 432 306 579 137 528 687 713 947 918 290 
  571 375 600 025 663 440 015 423 359 213 552 450 681 216 891 569 121 166 701 484 952 712 743 190 221 013 809 369 084 413 437 345 432 133 730 037 081 724 877 979 922 168 599 979 561 058 137 750 553 494 013 743 636 070 606 120 834 391 589 508 080 447 635 186 891 500 863 076 550 230 950 791 263 466 181 631 819 700 137 848 710 102 475 
  140 819 295 582 087 963 717 609 485 792 973 466 189 581 852 131 839 331 932 647 648 338 549 687 701 719 619 029 164 708 847 908 405 356 780 848 987 504 758 666 863 1009 643 720 274 254 489 875 844 072 959 561 863 296 921 859 831 997 204 044 624 974 870 366 484 936 960 059 145 918 573 246 491 663 096 336 985 056 143 368 549 692 883 
  369 769 676 455 354 787 676 483 224 997 257 926 950 742 234 452 147 1004 995 095 288 591 242 553 455 587 264 828 814 291 713 501 811 900 418 1012 487 696 871 639 450 100 598 754 112 023 087 602 043 160 361 359 262 227 416 134 134 255 352 091 345 426 723 733 566 415 444 411 718 331 896 362 553 921 826 654 842 993 395 297 195 351 169 
  052 064 604 972 264 225 990 309 547 895 607 773 092 089 938 387 012 895 444 379 253 672 189 232 195 282 122 019 234 964 186 959 347 181 487 221 668 453 668 990 670 316 696 503 873 499 595 076 787 661 646 885 167 945 973 546 155 003 713 522 968 821 138 443 1011 406 970 769 307 536 170 887 563 154 432 310 720 829 621 792 480 245 687 
  985 703 356 925 795 841 054 344 841 631 964 387 709 764 789 906 836 795 1010 970 366 049 640 120 422 849 619 218 283 830 813 896 436 871 390 255 929 499 148 184 837 644 953 684 134 281 965 221 009 228 473 462 241 307 655 158 293 971 607 182 162 719 423 462 775 911 036 639 888 829 663 349 229 592 689 916 913 211 596 376 856 241 037 
  304 285 242 055 012 327 909 893 373 316 783 115 301 020 745 928 805 493 163 161 198 846 023 372 814 197 076 172 671 881 437 502 320 119 980 547 107 033 638 691 905 371 764 639 815 867 802 795 994 133 135 1001 413 029 086 769 870 817 672 101 926 076 903 866 352 285 589 128 964 792 777 407 421 504 878 281 774 029 412 382 023 389 078 
  366 710 332 592 056 689 290 042 010 984 153 096 679 347 976 162 484 118 204 823 935 011 362 015 848 272 788 998 527 237 428 622 278 726 793 176 840 976 866 517 673 576 122 091 693 702 054 909 721 183 801 681 948 073 387 295 811 569 080 669 860 341 307 846 869 649 367 818 707 135 766 888 866 580 010 238 184 198 045 032 713 855 622 
  084 005 618 313 044 841 444 913 239 671 714 227 564 783 283 005 529 419 205 537 788 195 748 110 877 237 249 483 376 292 194 483 090 907 824 081 624 749 538 449 032 224 326 753 774 532 765 871 633 295 679 744 939 023 302 679 801 533 127 661 629 110 891 275 1008 552 765 475 569 456 875 110 401 151 777 901 415 877 202 024 610 280 925 
  761 851 149 222 297 778 728 368 518 712 442 456 223 762 366 116 336 053 849 892 014 020 800 376 906 759 369 977 119 042 837 252 227 106 316 264 923 466 540 226 202 986 355 550 549 595 269 774 720 926 059 265 127 714 523 114 630 089 552 416 979 810 994 611 461 353 248 967 776 732 967 468 764 497 074 559 180 937 355 857 656 456 389 
  192 944 055 876 770 408 1002 215 760 478 572 245 066 278 459 076 762 294 427 647 869 1016 937 067 390 157 824 987 287 264 028 034 388 543 480 420 997 552 564 373 525 876 220 596 315 283 097 252 041 974 596 696 520 333 676 1014 430 008 261 117 314 416 126 904 888 900 416 625 409 064 236 245 664 172 411 773 779 300 199 063 622 555 673 
  074 361 003 820 638 898 375 473 282 380 480 717 014 816 929 102 462 749 137 828 038 316 616 445 976 216 117 537 663 995 712 907 607 006 600 814 735 285 663 088 354 559 409 535 945 168 029 462 864 719 576 702 144 351 512 118 888 507 047 464 971 965 1010 623 894 481 066 521 518 592 512 339 053 699 031 456 713 628 687 138 927 911 071 
  908 974 708 744 630 151 095 1007 706 858 165 500 478 910 439 470 015 312 802 269 760 467 365 261 140 501 645 759 021 489 408 382 160 283 552 488 198 403 512 097 595 622 710 485 552 144 267 022 398 626 683 817 314 731 753 381 109 848 813 277 127 962 789 622 626 703 060 450 980 069 597 589 778 350 981 185 419 412 782 158 489 053 448 
  788 556 196 808 717 561 161 1017 881 278 816 259 593 717 1008 912 059 383 305 612 297 042 721 454 060 644 258 427 792 159 091 294 459 718 604 003 206 980 221 191 106 724 878 912 551 265 608 761 643 692 581 678 011 433 269 613 208 622 481 111 994 111 854 888 108 637 120 069 1008 534 541 548 983 297 781 827 560 940 815 524 852 195 475 
  141 473 137 550 496 919 520 118 511 1004 171 144 770 453 197 328 231 131 962 523 277 535 983 418 046 054 329 281 436 645 814 934 387 788 427 610 965 652 376 780 896 591 221 583 605 003 295 091 197 505 848 359 802 190 218 693 729 405 478 380 697 173 814 496 068 551 148 084 922 889 619 375 142 359 1014 200 098 127 168 399 820 797 935 
  473 709 229 623 695 134 662 493 763 732 917 971 857 906 288 852 129 173 667 543 971 907 222 681 440 197 430 395 515 607 815 435 959 541 226 355 241 598 518 391 577 300 938 874 121 034 935 379 363 132 235 524 587 1000 604 1008 485 673 458 046 289 922 097 949 105 1020 693 241 128 645 972 338 793 1002 553 321 590 885 663 900 880 172 225 
  024 320 862 911 536 430 029 582 731 424 885 965 433 361 559 759 858 751 828 130 912 105 268 434 232 532 042 589 967 109 432 790 361 906 667 415 689 477 852 309 338 880 774 312 037 488 115 713 723 809 193 049 587 104 418 983 436 176 595 902 740 545 146 537 745 560 067 1008 519 117 286 081 201 610 688 529 337 385 571 957 414 830 496 
  658 091 187 075 838 150 712 085 607 926 000 423 740 838 755 090 602 943 009 996 267 694 303 313 556 334 691 575 162 633 185 443 860 649 557 311 078 111 807 215 816 435 271 743 204 659 1006 442 794 069 000 172 711 109 052 849 099 137 265 419 454 116 350 778 549 493 888 102 509 472 130 233 252 596 495 214 988 519 878 952 169 334 087 


x
 x_1: 109 965 673 019 237 648 840 373 834 280 902 555 039 299 146 456 798 530 232 752 289 125 495 729 614 744 489 004 561 846 080 945 409 580 474 229 454 434 612 071 732 431 827 855 037 790 461 804 946 396 765 965 478 343 509 278 096 006 782 208 473 655 602 079 726 021 550 533 754 610 170 651 676 329 325 168 367 880 402 309 888 726 076 
 x_2: 336 979 096 294 657 821 554 445 421 762 209 351 454 1010 081 810 105 511 653 1008 1019 109 821 571 990 486 1009 905 725 973 142 154 937 192 829 110 883 907 687 086 661 245 440 542 110 584 188 243 206 171 016 066 312 896 663 191 227 568 560 627 941 576 215 129 445 526 099 111 525 931 956 046 663 677 412 101 293 332 804 804 477 789 1015 
 x_3: 109 454 683 738 551 888 131 730 365 008 599 851 010 053 375 440 267 196 959 503 528 260 512 072 005 197 501 526 536 588 080 418 251 895 404 117 353 938 019 616 461 988 072 863 917 522 578 051 045 624 212 135 307 062 409 173 843 451 506 795 800 423 842 887 104 962 003 059 475 193 351 463 343 309 1004 643 936 278 828 326 211 205 627 
 x_4: 719 032 291 596 544 698 936 463 511 983 243 748 673 1009 283 196 526 931 944 977 953 947 847 344 852 917 339 643 778 846 141 114 265 774 833 696 991 080 230 688 915 134 218 443 279 300 525 595 687 054 457 837 425 199 366 246 559 463 663 057 606 836 192 679 332 432 765 584 371 002 513 256 907 1005 618 526 858 765 939 929 380 861 811 
 x_5: 871 987 340 608 664 163 237 618 816 139 034 402 017 161 1009 439 463 180 370 774 013 034 986 029 045 629 022 387 651 502 727 417 222 601 619 594 698 395 861 555 478 679 149 714 164 567 613 934 693 498 615 907 381 761 259 414 573 913 481 192 775 599 667 172 550 162 705 972 867 716 709 667 780 924 988 683 705 359 429 816 231 778 875 


y
 y_1: 420 878 483 205 949 390 668 264 472 352 553 644 082 276 069 783 155 860 457 729 340 985 470 719 835 215 959 320 1009 747 930 431 821 301 761 696 
 y_2: 315 1017 675 611 140 509 564 265 203 074 088 737 032 891 047 552 811 074 153 546 990 764 754 199 980 738 059 704 213 956 543 711 935 003 367 835 
 y_3: 078 576 416 519 354 563 987 945 155 961 395 611 830 630 073 879 813 069 114 325 455 901 651 667 952 744 909 673 1004 298 673 103 746 109 680 791 
 y_4: 283 309 517 835 410 148 783 242 438 217 189 799 752 608 759 779 026 344 548 732 041 549 417 865 655 991 620 061 305 144 491 259 826 743 632 260 
 y_5: 391 818 822 738 724 629 154 790 368 1017 863 572 004 706 849 239 978 994 377 305 117 924 522 400 856 024 762 778 284 297 401 588 272 1019 355 924 


pk: 91618fe99a8f9420497b246f735b27a0a4b93d5e33b51bc62942d8819522a1525054c4c39b709d5cb654656fddb3435ff33b50f1af2bfa6b35b7942fae3be53fea988cf4476342cb288145b820ecfd028a2b2b918988def32bef31d48bbb03b0d5f0fee1b1a70ff0d6d04e0009da8162cdb87dec9b04bfd8983edb99c4db2d17214751c715bee8a6b8a3db78a8ecab14ea19eab681eac51bd554e0d09a51f2b03cb665d3cbc7f08279efc21a604522b72994185ad88f7ecf660f3141b2de403a9f8b274187c96cb3b8d4d6a989c570e5ff358f04081bf53bd28b9f574c7570ae20645863a0afc21ca514199310ed3f16e7

sk: f9c129948d41687478431362ce74a0ab91618fe99a8f9420497b246f735b27a0a4b93d5e33b51bc62942d8819522a1525054c4c39b709d5cb654656fddb3435ff33b50f1af2bfa6b35b7942fae3be53fea988cf4476342cb288145b820ecfd028a2b2b918988def32bef31d48bbb03b0d5f0fee1b1a70ff0d6d04e0009da8162cdb87dec9b04bfd8983edb99c4db2d17214751c715bee8a6b8a3db78a8ecab14ea19eab681eac51bd554e0d09a51f2b03cb665d3cbc7f08279efc21a604522b72994185ad88f7ecf660f3141b2de403a9f8b274187c96cb3b8d4d6a989c570e5ff358f04081bf53bd28b9f574c7570ae20645863a0afc21ca514199310ed3f16e7



### SIGN ###

message m: 0000000000000000000000000000000000000000000000000000000000000000

mseed: 9b4e441bd6a749877799fb711d6d1f45

salt: 5e2cab5b5766a64515d7c7ad3eb675c0fd08eebbebbe669bae6001865438d89e

 Round 01: 
  theta: d13f8022fec1a404ee3f782351963105
  cmt_1: 27e7a81cdd35841214c89f311b4b46b5819ac25951d146819fac5f30e0025b58
  v: 645 389 447 360 822 590 917 781 241 989 870 99 917 307 894 435 834 474 305 143 293 632 814 936 156 550 506 435 894 151 927 107 211 323 888 625 374 682 925 67 467 195 720 780 533 774 142 411 896 125 92 150 179 24 280 710 592 278 119 381 106 162 384 149 684 396 89 775 10 272 26 234 35 97 294 772 275 613 425 298 466 998 315 

 Round 02: 
  theta: 64f71dbb0a743ca41db79cf422a29ff2
  cmt_1: ee54b75d5fd0f50a028ea8149a5f7ccfd094189244e6689facd33fc894c6626c
  v: 669 305 245 240 128 49 1016 437 337 229 902 554 602 327 967 765 421 693 705 908 490 106 287 330 903 286 884 975 943 602 950 810 411 575 227 959 92 44 259 919 87 840 629 511 308 514 816 326 394 497 297 277 477 441 17 346 306 145 808 736 316 628 548 542 555 310 325 183 194 21 634 114 747 957 693 455 806 137 758 354 559 503 1001 

 Round 03: 
  theta: ecb9388bd5e87b3aef17b9d185a1c0f9
  cmt_1: cd665bc9ba282fa21cfbc4e8c9cfefcad04f28541d5cfc2dd5a9ce3ac195bc7a
  v: 272 941 261 485 777 52 81 1009 704 813 961 186 591 782 260 597 132 855 693 486 982 33 880 1005 690 850 342 890 182 570 817 595 506 106 829 88 765 163 400 327 516 384 579 636 603 480 588 462 975 554 539 30 910 315 737 678 463 421 917 187 914 620 152 781 350 5 909 63 836 103 824 935 113 563 379 519 594 69 605 710 762 520 959 

 Round 04: 
  theta: dbc243ef2c0cf0d24329be9e738b4f17
  cmt_1: b5c7bcd7a0ddce40fdd73f1a7620f38ffffcbb04de981b399a8e97d911479424
  v: 162 634 175 186 169 198 869 151 922 850 808 185 2 791 857 566 268 459 993 963 900 555 393 898 155 722 224 133 58 559 515 160 763 236 614 751 821 6 126 585 453 351 195 416 333 123 712 547 974 91 650 129 26 624 385 34 55 800 546 950 223 253 351 606 920 693 289 244 30 45 894 527 694 149 63 629 538 930 910 564 810 184 499 

 Round 05: 
  theta: ea85653c35c8518679c0508a38165eb3
  cmt_1: 2f57212d5ed067d6deced2b7a294ffce4148f9617c256b5c7d22004eb7b56e1c
  v: 761 840 401 842 103 832 683 880 658 287 1009 2 189 319 282 542 958 206 146 820 675 907 877 572 645 749 57 161 957 526 937 815 215 719 438 62 538 239 782 130 311 501 369 295 592 635 229 209 536 733 401 340 849 848 905 809 342 838 316 882 101 576 893 478 383 748 799 27 855 196 578 113 96 689 950 201 757 598 293 597 369 700 498 

 Round 06: 
  theta: 782cdf9ef19bb95c5f12e232fc90459d
  cmt_1: 8c9057c853d177e88abdb356fc5cce9c4c870762f5878d95e4430e595e4f8997
  v: 782 130 373 319 854 289 687 181 62 127 465 107 623 482 894 415 661 934 646 349 509 526 657 620 300 655 1001 686 108 565 449 584 678 835 293 159 845 1020 85 447 104 229 338 18 71 421 358 3 403 791 534 648 911 964 410 909 1007 225 560 335 964 104 815 255 304 569 419 92 445 660 43 357 81 507 19 541 613 984 545 1014 95 205 13 

 Round 07: 
  theta: 8c7379ef25b73d091fa613345ddba229
  cmt_1: 96b519cff4a1dcd688a73e784b4f2824e291cb90adfa9925def28cf0798574e6
  v: 701 935 1009 354 290 822 372 865 672 375 374 377 444 642 190 288 191 635 73 556 728 416 105 888 198 1012 792 88 1001 609 426 820 998 280 747 154 94 846 872 689 815 327 194 84 492 638 25 192 561 372 959 44 958 554 647 732 367 251 372 12 983 475 626 992 337 66 886 160 578 639 745 92 253 392 269 82 1007 373 168 466 706 704 253 

 Round 08: 
  theta: e235c042bdd412ecc6baae77f7bfed1c
  cmt_1: cb6a5aafd0b68c9ad7e602d9016564c9de9fec1c3f8712aa8ce6acc1fd511022
  v: 932 971 606 627 780 33 915 110 865 853 207 253 218 16 592 769 751 65 120 487 71 28 224 808 786 212 488 929 883 377 491 395 263 999 642 523 8 526 460 853 795 249 169 635 702 305 324 769 801 992 809 891 560 694 141 603 246 896 1020 118 835 657 478 254 931 598 180 273 738 684 181 96 209 1003 175 78 877 54 1005 1006 257 166 562 

 Round 09: 
  theta: 560a6aafda8d4b62fd8c92b57400a0eb
  cmt_1: b42a9eceee8d0b27e3ef88c4b29daa723e6790ad1ca0b566305be2b01c611619
  v: 220 35 727 188 279 315 971 457 482 335 490 273 678 649 36 106 772 630 764 503 103 696 987 655 356 982 662 485 157 689 566 851 881 371 915 897 437 99 627 433 978 420 376 899 336 637 363 397 473 667 661 196 834 515 577 131 163 279 78 391 268 370 378 245 535 990 737 192 417 780 779 872 630 819 246 260 258 852 382 274 671 1006 628 

 Round 10: 
  theta: 8d15df35f2703ff89a8f56ff85f84e04
  cmt_1: 4a19c40c2843972224478222a58cd602df44642d9082c5eab61da801ed8f1b1d
  v: 921 249 394 590 60 203 646 923 829 106 514 426 666 83 176 207 244 332 858 70 768 504 847 238 890 286 572 645 574 866 956 538 801 909 554 639 598 471 286 820 942 321 306 237 552 333 72 769 52 769 419 266 77 856 654 608 977 814 167 957 644 499 832 530 55 163 979 913 369 914 928 778 783 489 356 519 714 373 753 513 193 483 90 

 Round 11: 
  theta: e51d2f7f6d118f007ed0cfae5d693095
  cmt_1: e3b3ca60af3db6f679e12e5018610c0db5ce722342a48f3710a2e1eb401dc656
  v: 923 59 589 665 981 856 839 31 465 567 860 746 682 188 853 164 198 877 211 351 359 307 723 724 227 74 918 243 584 620 336 596 195 377 401 145 559 797 1019 491 375 665 191 971 635 623 461 361 858 135 700 55 656 360 694 753 491 906 637 945 288 17 249 565 40 54 650 541 682 28 776 624 419 746 466 987 221 200 106 627 274 374 407 

 Round 12: 
  theta: e9012ef8fcb0bbf35d6d8ae10563c1e0
  cmt_1: 7a0f1daf184a299b0b88fb7e9949615e8059392efe66698cf05f0e0193a0e197
  v: 752 798 727 1001 770 415 81 185 810 358 289 269 587 407 980 410 976 23 320 437 26 407 628 1019 547 320 611 289 538 456 223 713 57 386 225 693 105 526 982 808 414 189 359 2 189 650 738 172 841 25 505 25 416 598 405 810 412 807 649 34 444 678 471 759 595 641 376 903 717 270 735 977 327 665 677 698 169 947 260 940 433 189 732 

 Round 13: 
  theta: c25902dcc6bfc5149f5d25c7bff1682d
  cmt_1: 0d104312900289193fd94296d31d3083c088395b71f6512c57599f262b9e7a2c
  v: 296 121 312 463 667 443 159 192 246 415 811 858 231 480 833 458 672 599 638 705 747 369 39 765 466 263 921 168 122 871 331 938 808 74 784 478 18 656 534 804 360 900 568 735 704 752 270 605 100 196 420 849 232 746 114 830 92 749 12 82 182 343 937 546 591 733 234 634 38 867 799 977 206 765 340 588 939 381 247 391 632 227 67 

 Round 14: 
  theta: e431afcad2c7701e4c8fb6f3c7aa1a73
  cmt_1: d265f791d4e2eef43cbdcb0f2016a0ec656efbb01a3c23bb7b0865505966a7ba
  v: 1008 764 392 249 647 880 369 986 684 559 555 802 675 429 637 921 467 124 378 924 572 371 846 222 337 777 154 290 128 802 866 942 108 868 636 555 836 191 229 980 47 425 495 192 726 763 157 940 955 478 215 851 644 994 635 206 887 362 340 851 126 811 534 913 312 227 710 0 219 209 403 266 550 322 989 715 968 537 1 333 1006 1016 252 

 Round 15: 
  theta: 143d1ca7630d4823f7e36642cbce15bb
  cmt_1: eb4d5e5741154cada50b36f428aca70130a404edbbf422563797effbe2430f87
  v: 978 624 725 504 58 12 440 1002 989 194 334 751 11 47 514 150 912 661 845 95 766 950 84 448 477 423 861 572 899 689 622 204 181 1007 986 668 996 312 193 161 919 525 772 559 550 574 460 626 1003 577 766 917 18 153 440 939 524 34 905 66 662 1009 44 369 164 599 217 184 187 697 206 560 998 354 313 515 403 998 676 1006 134 890 699 

 Round 16: 
  theta: d5b15efed7829e3d8ae503cb3bc6f77a
  cmt_1: b7342bb97f227c00946e2c8798b5c541c1d93e7284249cf39e0ac5da797007bb
  v: 600 181 389 79 217 154 996 756 490 793 395 225 485 1019 838 976 338 950 876 73 146 423 377 576 453 558 17 506 390 690 550 413 770 599 905 465 661 834 983 955 348 852 254 785 774 215 905 586 410 97 248 95 320 790 995 141 392 806 549 159 432 973 798 682 506 21 455 926 555 660 513 302 442 588 57 333 315 770 348 359 37 51 69 

 Round 17: 
  theta: 8157170ac18fdc7d27287b4807cf1b1a
  cmt_1: 2e0b71210e206324e1e4b59a5ad74507afbe840d1fa4044545da50d91ffb15cb
  v: 578 1008 312 372 644 734 756 418 303 1017 627 450 9 830 1012 255 389 865 252 576 87 953 319 966 562 643 901 979 973 669 450 478 1000 1014 388 165 348 617 299 97 106 725 213 888 862 691 674 112 979 597 221 730 691 525 337 605 354 404 940 796 65 947 637 46 16 591 832 132 749 602 378 464 646 835 386 154 509 452 697 499 851 195 965 

 Round 18: 
  theta: c3e6ecc59ebb2c3b419224c7b1831711
  cmt_1: 3f015ee532248499089005d9aafe21ed99a740a1926f13682a5d20566de63e13
  v: 973 227 437 769 725 732 122 116 202 397 396 846 39 355 806 948 229 400 1003 578 41 749 469 360 508 791 579 59 221 13 352 499 791 292 515 574 907 637 633 659 982 499 685 468 19 905 564 360 509 484 221 41 606 24 347 971 610 492 744 494 407 522 658 22 544 663 132 366 550 231 699 150 763 777 784 479 160 845 943 787 595 536 924 

 Round 19: 
  theta: 599f82602685ef09f9d9ddb62654d539
  cmt_1: bb1ca68324c365d31ec6be3365104b06ab42cd8fb6d9358ba7e05eb6bb1c8915
  v: 870 552 595 180 806 692 40 793 279 946 432 157 48 519 121 1006 665 467 325 966 259 742 675 775 323 803 558 458 837 770 163 236 446 309 694 872 503 566 24 559 185 559 652 94 494 302 817 413 937 383 441 79 33 653 1018 111 585 938 975 961 962 970 844 434 803 128 244 1018 517 628 747 23 730 676 130 631 933 999 997 872 365 875 969 

 Round 20: 
  theta: 2f894ffe5fa60704f00a851b6c8d9093
  cmt_1: b6d5f1563d066bda8ce325b181ce801cbcf5ef6ab9897a52d69b140411182f04
  v: 782 780 97 555 134 120 623 591 232 92 16 789 467 519 422 115 741 960 781 677 35 669 166 262 511 397 717 542 217 413 236 548 974 912 891 673 525 630 453 767 284 557 972 291 190 860 427 921 796 293 689 165 328 285 871 572 243 713 722 352 254 151 617 135 224 690 545 271 251 603 696 306 269 772 239 406 15 92 23 434 607 47 425 

 Round 21: 
  theta: 97a8d59788c36cf2fbe182ab667874f1
  cmt_1: af485ce558c6f4a026e9da5a3f56ef2b18b44e62bbfd1173daee1c633e878c14
  v: 365 373 439 847 23 860 524 817 862 108 530 49 657 739 169 411 740 963 842 558 356 925 131 754 481 506 415 669 986 593 118 993 738 429 84 914 137 203 563 81 244 288 381 869 680 855 963 796 700 309 494 509 922 295 880 150 267 5 281 154 486 682 703 248 658 345 391 363 919 922 180 96 533 402 315 392 399 483 782 449 177 289 753 

 Round 22: 
  theta: 1662dd4ebde5e69a84ebaafe12deadfb
  cmt_1: 6c9480ceb398cdb9a8ff30b23b9fcb60a3da63bb4d60946255c01b03556e68c6
  v: 843 908 296 913 932 789 129 62 849 359 789 404 759 579 602 665 818 130 700 374 338 440 122 606 1001 337 820 364 533 573 127 753 5 511 643 537 42 228 486 521 396 1012 838 135 224 546 679 7 495 362 755 48 436 1011 213 341 324 836 152 497 526 66 103 543 579 617 832 776 424 373 52 395 599 867 351 316 164 720 667 459 740 718 400 

 Round 23: 
  theta: 34665f55b0231eb819c001545f086219
  cmt_1: d0720444bd4903abac295f40b8c58c6e3b9b989e49d45469f70426f990edd59c
  v: 367 284 116 371 514 659 353 365 186 626 760 961 942 750 139 594 182 263 353 987 828 753 1006 910 949 683 77 1018 468 506 379 83 505 593 334 764 557 126 710 460 65 30 780 563 476 786 566 791 411 13 618 902 404 300 417 284 433 504 657 102 368 873 412 142 800 107 685 51 363 105 286 977 906 529 209 829 44 296 512 608 775 582 715 

 Round 24: 
  theta: e9a42383a7608a4f70ca0c7d15874fc2
  cmt_1: 5454d7578815719d20eb7d6ff7325564ebdbc139ad51994360fce7c581eddc4e
  v: 172 14 939 835 314 212 960 57 251 588 345 377 210 655 490 979 39 346 886 647 146 28 599 575 856 795 291 172 700 525 39 214 267 966 59 979 582 533 617 251 491 444 457 391 130 625 854 954 400 751 39 109 303 713 707 528 989 381 823 313 474 897 979 971 438 589 275 323 540 581 342 521 763 312 585 967 289 951 354 178 576 775 570 

 Round 25: 
  theta: 78b7c7f3cb6ae755c97a8786db00a002
  cmt_1: b2b668838cd6bb844c9b0e56adb12e35d3621d08f4bd837814efe8f862fbae36
  v: 894 903 964 652 582 1015 850 43 229 465 812 65 271 887 869 404 114 827 783 404 88 623 699 412 116 835 596 661 115 731 431 137 854 473 78 377 831 671 104 892 544 186 250 401 516 438 548 427 400 815 215 69 368 84 940 374 679 832 71 732 482 190 125 204 300 136 320 206 382 967 888 634 852 40 625 554 217 160 732 26 1000 4 133 

 Round 26: 
  theta: c4d875f81b0d7fdd7b0190efbd233f65
  cmt_1: 5df93081329ab671edbcf8d09a8bb151d74023a6d9ffc03e3b838ad4940f1d1f
  v: 400 986 367 110 922 912 758 926 593 230 975 78 620 217 302 282 730 631 461 57 499 339 716 754 559 276 888 608 43 327 526 955 165 303 738 767 916 532 657 91 692 820 857 453 436 232 348 826 806 510 259 197 399 366 334 492 554 872 48 705 108 341 616 316 653 868 84 658 597 633 834 144 183 816 816 536 323 647 593 7 969 29 776 

 Round 27: 
  theta: 3bd6bb4a72517bd912748d98dee32f92
  cmt_1: 60655a3f6b776a38f8e8cdd96e3ebfcbe6d4463c5a4033b377a056b8cdfb249f
  v: 889 655 862 76 264 540 438 142 710 644 921 1015 552 741 672 457 1014 644 484 686 415 723 430 386 931 700 781 510 701 747 406 105 413 325 528 337 468 494 440 893 448 629 404 861 163 598 846 987 131 691 327 553 458 985 474 41 936 940 42 914 70 327 264 1008 984 782 261 392 764 754 749 845 600 512 817 830 145 491 831 529 560 839 592 

 Round 28: 
  theta: 92a8afa4e951d397c27baf244d8fdb44
  cmt_1: 56f7cbd363c0c43c3257d89f9c2659d4f68224d02dd478b527ed65c801ddeebb
  v: 792 280 343 946 915 652 599 642 143 426 1007 391 504 30 503 580 438 866 351 125 911 536 668 455 870 997 467 142 465 311 986 1016 76 932 948 165 986 571 591 458 159 967 763 545 1001 119 753 581 833 309 328 84 147 940 828 271 151 463 137 303 688 693 838 326 86 103 552 760 427 587 679 761 44 439 947 329 594 4 919 660 505 176 620 

challenges: 

 kappa: 
  kappa_i (round 01): 002 925 475 947 154 
  kappa_i (round 02): 067 147 552 100 669 
  kappa_i (round 03): 603 067 294 241 113 
  kappa_i (round 04): 237 046 320 314 924 
  kappa_i (round 05): 258 664 839 546 401 
  kappa_i (round 06): 596 966 847 285 288 
  kappa_i (round 07): 995 046 439 473 857 
  kappa_i (round 08): 883 208 802 820 076 
  kappa_i (round 09): 416 905 938 157 311 
  kappa_i (round 10): 795 616 131 392 945 
  kappa_i (round 11): 372 386 981 119 743 
  kappa_i (round 12): 665 274 912 199 076 
  kappa_i (round 13): 533 627 326 356 723 
  kappa_i (round 14): 728 668 850 035 661 
  kappa_i (round 15): 604 294 934 432 466 
  kappa_i (round 16): 256 036 589 734 721 
  kappa_i (round 17): 191 906 332 580 422 
  kappa_i (round 18): 988 191 878 690 550 
  kappa_i (round 19): 475 139 467 515 775 
  kappa_i (round 20): 101 340 168 419 117 
  kappa_i (round 21): 900 781 350 990 746 
  kappa_i (round 22): 247 866 572 256 112 
  kappa_i (round 23): 282 274 625 475 895 
  kappa_i (round 24): 430 320 196 752 824 
  kappa_i (round 25): 525 746 771 097 883 
  kappa_i (round 26): 725 838 347 353 970 
  kappa_i (round 27): 699 598 293 223 228 
  kappa_i (round 28): 538 875 455 203 780 

 alpha: 13 29 2 30 30 21 18 26 3 17 12 24 11 18 26 10 14 19 32 7 6 29 22 5 2 14 5 20 

signature: 

 h1: 9bc42b03b7f2fb7806502bf9721415143d40844abbf1598859b2345fe3a3e10b

 h2: 33361819cf6cbabe9028484a68acd17584bd5f1547f1ca964211b9918f5bf520

 responses

  response round 1

   z1: 60 660 865 955 752 396 3 566 114 792 358 610 404 861 676 303 584 846 737 959 557 416 713 485 305 520 735 109 1008 352 709 417 353 518 739 625 744 1011 965 769 621 960 629 395 55 488 289 990 654 306 763 277 832 265 288 446 625 898 162 848 261 573 169 908 360 507 947 325 856 167 740 380 506 278 689 71 183 661 461 402 217 921 775 

   z2_pi: 0f374d03404932152547522407352b443e343f3d4a180c4b2f232714384c1951203b0d2c104f221f011b3c13420b112e4628212d332a29171e481a261250450a1d3a053136020e3039414e000804091c431606

   z2_theta
    z2_theta seed # 1: 0cba288d1f9dd662e167a1bca800844e
    z2_theta seed # 2: 7bf52815cbe6a23f788e5cacc56641c8
    z2_theta seed # 3: aea1a9266a6e05c7a65a9b55b81e4527
    z2_theta seed # 4: 1f9e648841ce43a91f3b49f3b72e93a2
    z2_theta seed # 5: 9429a81c9f5e34ba82192fd6da7e5e8f

  cmt_1_alpha: f8232cc12d9837b0cecfff61468f932808d793f3b21da53abca7b02fab8b22a9

  response round 2

   z1: 118 177 27 542 641 787 129 673 548 695 794 419 125 104 669 590 306 523 87 438 716 75 46 18 978 269 314 678 1001 139 585 809 149 231 275 565 934 888 148 676 919 41 609 260 385 388 399 878 304 990 777 403 152 540 36 434 709 260 859 405 956 460 856 296 547 788 674 1001 87 878 950 999 796 809 603 894 108 744 409 841 443 964 893 

   z2_pi: 2a52104304330d32170b112d2e26310312161d29440a010f4b270c36393f0e24091e1a23351c083e3a49052122513d1b50480214194e304a3b283c4f134506412000370747422f46152b4c4d2c18403825341f

   z2_theta
    z2_theta seed # 1: c445d0908cc27250c2f95b8fee15b4af
    z2_theta seed # 2: 65e8e7c6ca055e1138462b8091af8baf
    z2_theta seed # 3: c1b3666653adf034bed633f9c56526e9
    z2_theta seed # 4: 73ab35ad374f27b4b89a7e611c51367a
    z2_theta seed # 5: 1039eaf6cb080ce5fe67bdcaa75866a1

  cmt_1_alpha: 8fdb2d0837089014a14e27d1b995ff4c23a215b8bc03b22b783347fce1b4a347

  response round 3

   z1: 648 955 404 466 447 952 270 17 417 614 164 98 397 606 83 206 918 713 442 77 339 247 89 210 770 769 267 153 260 798 96 335 115 880 999 233 83 105 608 235 915 821 315 112 820 537 762 584 737 124 73 46 811 867 518 875 756 429 713 183 359 54 749 355 238 292 69 771 750 723 300 204 429 938 122 329 623 809 312 925 1015 325 246 

   z2_pi: 1a23132848301b2544272c4302164f05011e1d2a3622344c5008350c4552413e124200152d2b51040d181f3b392e474a2f4929323a403f190b3324173c371109061c213d0f4d4e0720264b0e10140a38310346

   z2_theta
    z2_theta seed # 1: 3cab82cdc64af1e5cb0d4fda60a53b79
    z2_theta seed # 2: 9f3aba1b0d3c72103286765d935e1ec4
    z2_theta seed # 3: 40558a04ddcdea269ad9cfb3cf3f219a
    z2_theta seed # 4: ace13069c0e0287ffaef1561c474a5a7
    z2_theta seed # 5: 778bb5d82e230a4130935a1270c95616

  cmt_1_alpha: 7c6303accf84037d3c99a60d9ef328635846dc001fb14328c4c9d35cfb9b541d

  response round 4

   z1: 539 847 778 567 878 509 838 336 900 153 319 357 279 413 2 803 926 626 56 842 288 750 55 87 416 271 569 2 616 859 818 50 637 914 470 489 935 238 667 273 335 57 64 707 205 783 454 95 228 740 959 112 3 64 782 422 359 958 642 345 713 93 463 592 410 413 317 105 634 607 224 488 29 408 236 544 917 265 61 13 649 120 112 

   z2_pi: 0a24523747211625064d2f504b081e2e45192b1c3e43154f410c07233f0b4a354649382a36170e0f0d183b39092d4414312227131b4e100148331200421a2934053d511f202c26283c1d3230033a110440024c

   z2_theta
    z2_theta seed # 1: d01feece5543e7f38c799276942967e7
    z2_theta seed # 2: 8b05200fca6d5c201a1bf671ac667fa3
    z2_theta seed # 3: 5b75ddf06047cbe6b052b19079440678
    z2_theta seed # 4: c2e3fa3f3788cf581d86e625d221dce0
    z2_theta seed # 5: 069aba15e667dd88520a56721e0507c6

  cmt_1_alpha: 19cac60bf360478412b9b4ffd5bd9b777981ba14be0d52415a7ec86f1d8dbb0d

  response round 5

   z1: 146 295 596 28 949 967 910 27 888 904 520 364 775 768 551 628 839 56 283 612 776 119 642 969 1003 813 277 586 641 668 985 872 614 906 768 256 22 514 954 539 922 550 975 615 529 911 37 521 831 570 865 154 362 562 654 961 93 1006 810 755 506 959 197 734 688 560 88 630 132 783 269 578 473 598 613 274 972 912 154 903 223 492 995 

   z2_pi: 284b2c4f110e411c470549212318303408042d191d100a42353614444d371f0020222f5133013c2502261a2a06433a4a320c2e3b3f2915394c5231483e0d382403070f2b3d504546121e0927171b0b4e161340

   z2_theta
    z2_theta seed # 1: 01f3b753f1251786fe7130e528165a1f
    z2_theta seed # 2: b4920e1053f64cbb5d8cd19847d36baa
    z2_theta seed # 3: a86a14a656cc2d26c651d1cd1fedd113
    z2_theta seed # 4: 3b95e52e6c456b74d81ff285f76d7967
    z2_theta seed # 5: 9d3ca4f50fbff6da5bf5d525e6b450e3

  cmt_1_alpha: 5262be0bd60ee2733d4f468129fba0e6003f34624bfa1e79c7e514ce855c65cc

  response round 6

   z1: 428 364 511 714 526 603 207 907 589 862 650 941 659 33 326 749 406 682 899 330 367 685 469 95 965 842 1003 104 561 744 629 871 717 312 1007 985 39 7 98 954 975 806 349 331 82 388 240 729 474 490 781 644 617 786 636 861 523 206 412 788 827 392 197 153 784 975 43 799 514 181 952 832 857 169 502 259 162 448 169 151 448 969 360 

   z2_pi: 08134a4800520725140a421f2a36173249051a2d122640502b4f2e0c4d3510095115413b1c20011e4c451d3a0438023133472f3c372823290b0e46160d0f3d3024033e180627444e433f112c4b211b19343922

   z2_theta
    z2_theta seed # 1: 6f27b8aa47000b03810b75562cad48df
    z2_theta seed # 2: c11e8f02a449e2d11462cb5bccaf930f
    z2_theta seed # 3: 9ed68e6ea14e6892bc5189d14146c344
    z2_theta seed # 4: de56952ad8da72ee1ff2b173803e6ae0
    z2_theta seed # 5: c33d3fc89544101b2b7d7501c7dd6aee

  cmt_1_alpha: 376d6516147f2fab29ea0e6a3f51f8d78383dcf973e96ff2d901ffd6be493cc7

  response round 7

   z1: 143 800 294 439 289 375 325 479 80 545 288 691 849 516 937 169 353 691 611 323 919 697 234 383 770 752 844 264 916 408 551 349 546 622 264 314 239 749 136 663 720 272 169 171 620 180 910 503 290 293 188 305 778 963 755 272 752 37 763 731 809 840 897 37 34 770 40 100 882 858 85 378 645 961 601 331 577 226 807 484 661 443 248 

   z2_pi: 4a0d122e370b3d0236430e5246173f343b26210a45030f141e044f0851301a161b201f35184c1c48382c25093342314e062b05293a504d100723243228273c394b2a2d001544192f47113e4940131d01410c22

   z2_theta
    z2_theta seed # 1: 1cf048005e31288cbae32d39e4223d9e
    z2_theta seed # 2: d34668270f97a992a4fdceca21099cb9
    z2_theta seed # 3: 3fa22c153f62b177c18416352db80c53
    z2_theta seed # 4: cf2db3cdcda1c3fb724b703cc9259fc8
    z2_theta seed # 5: a7b12cd165ee401c0d23cec7d7443bd9

  cmt_1_alpha: 1c2a98234370bae7dcd34f66c6404526a874cd8258f194250fe8fed7e26e56e5

  response round 8

   z1: 688 846 739 780 444 21 124 315 12 326 23 242 14 686 846 364 325 204 86 248 112 776 852 319 889 576 173 736 349 308 304 536 736 244 497 665 57 266 690 517 167 815 111 299 1008 650 33 433 481 16 515 653 171 109 848 637 985 434 798 856 256 687 857 177 331 420 115 322 390 867 466 31 165 20 770 1009 588 922 51 485 921 450 967 

   z2_pi: 3311354b281737202e0f3b3426242d082a16430219254142030014053d3923091c310412494c101b402f4e0e1a2c450d2b5030383227184f0a36463a063c073e29014a4851210b133f1e5222470c1f15444d1d

   z2_theta
    z2_theta seed # 1: 25fbe188e2e84ca407caa14f157866eb
    z2_theta seed # 2: 013804ed4e9719a07e19872734987afa
    z2_theta seed # 3: 70e4443702e2a767a13499a9feff4f69
    z2_theta seed # 4: d0c402f9334ee62f435a893065c8977d
    z2_theta seed # 5: 695ae4d5a1ce993ccbc0c87867cd8507

  cmt_1_alpha: 0a53557913f3740650de0bccbbf5daebefb155de7cf6504e12ad3fd266310b9d

  response round 9

   z1: 768 85 353 659 256 1012 311 16 383 661 668 137 267 539 693 449 931 606 316 277 844 814 523 536 482 577 759 62 570 101 216 332 753 161 927 358 361 934 544 318 1 512 732 331 33 102 825 619 347 390 483 943 90 909 481 711 768 27 387 1007 628 33 566 575 609 9 703 744 75 597 682 204 737 162 735 34 235 198 975 672 212 746 880 

   z2_pi: 040114153544471a424025363905343b091e243c314b4313525051173d190e291118304c49100037063e0c284e082a2d462316264f122127323a4d2c070d3f220f0a1c381f1d2b4a1b2f2e4803330245410b20

   z2_theta
    z2_theta seed # 1: a05d9a2e4fbc438dde76420044ee9af9
    z2_theta seed # 2: 51b8e3c4f235835e6d2759ed1f6d4e34
    z2_theta seed # 3: 1126747a87e70a1c806b39bec43eda1e
    z2_theta seed # 4: ba554c25d9a303622258c68f5c06f2e9
    z2_theta seed # 5: 78f8c643a3a7da1cb417e56468b52803

  cmt_1_alpha: 298bf509a80a9b3ca03011907c14168f04f07cf15d72cb92cceecadcf5f660cc

  response round 10

   z1: 841 654 270 320 4 445 5 856 955 644 710 709 813 115 280 258 886 627 304 270 874 445 294 42 400 363 525 727 465 924 52 235 141 91 407 738 49 792 386 411 10 530 147 99 773 786 592 90 99 396 947 321 1004 741 634 600 23 738 948 10 325 874 306 534 526 725 803 171 630 353 927 949 690 315 209 200 204 192 168 697 802 569 230 

   z2_pi: 164a060538224c123437210129252d403c3f0f101c15504309322f3e074e3d0219231311033033081e0e0d27443b3a1851454f1a1735312c0b494d411b42462404204b480c2a2e52363900281f140a26472b1d

   z2_theta
    z2_theta seed # 1: 194ec41f42a3f2a3becb38b6f5d6df83
    z2_theta seed # 2: fcf64c66f4ceb558ba61f001710cbe22
    z2_theta seed # 3: 6985092a751a07fab01cb121b7398ac9
    z2_theta seed # 4: 2c5f3a2221ef34f96f5566719ad3caa1
    z2_theta seed # 5: a9642d41c4f1b7a556f83ec08810c58a

  cmt_1_alpha: 347f75f9c26df5280c1cb6951db3e977e2236af7ae4c2169a87c1a317effbafd

  response round 11

   z1: 395 602 941 856 271 369 380 164 496 310 351 792 56 544 956 204 502 344 993 319 681 24 79 62 213 397 261 628 55 1013 803 321 139 344 400 727 401 982 946 767 601 422 775 209 814 941 507 968 244 243 272 271 76 689 609 651 540 620 360 176 35 758 549 922 499 845 51 586 784 182 234 141 933 538 593 373 104 484 839 672 809 709 475 

   z2_pi: 1f494d4a41081d04254b003438091b10280b131e454c0a0c2c152f0f142d0e06473d1801262e073a371a43194421322042333f114e302a484f3e2402351c5016292b36514046033b39313c172322120d055227

   z2_theta
    z2_theta seed # 1: 4ca89841017fddbc47f04a0b0b994709
    z2_theta seed # 2: 0298774bd9c8d899e447d2e0462d095a
    z2_theta seed # 3: f5a1ed8843b8bdc1f7d877937e59e7f9
    z2_theta seed # 4: cd58e0bd061438b45fb5c65d01451d84
    z2_theta seed # 5: 6215173ca4f56c9d12cb6cdbba06b8ee

  cmt_1_alpha: 25b8a822307128a66e0dfa3f9919df9fd8c001db00efe2562d12646332e340e7

  response round 12

   z1: 284 912 213 938 681 602 568 844 229 970 529 673 160 27 292 284 805 266 137 922 205 74 995 80 543 413 1015 300 916 334 262 602 500 917 430 65 298 519 861 936 879 802 585 704 860 319 289 83 549 184 738 152 521 109 256 714 445 517 874 913 212 751 763 47 603 1003 673 246 164 914 185 856 162 624 373 907 979 519 627 310 316 434 709 

   z2_pi: 0d45280b2110471a411d27093f3525174024140f311e2a291205060142111c1f333e363c524d08223b4c502b5103342346190e20384a3904302f160c32152c4f02262e003a1844074348491b372d4b134e3d0a

   z2_theta
    z2_theta seed # 1: c8aae4ed4962e1e9ecd55a5908bd5f2f
    z2_theta seed # 2: 2ad4d215e73447077c0e49e542c830ea
    z2_theta seed # 3: f7cedf8b4bfdf981d0af12800ec12a0a
    z2_theta seed # 4: a8046728e322bc7799ae47d26be59557
    z2_theta seed # 5: ea6e395af3834def2afdba0a4524007d

  cmt_1_alpha: c33f60104a90f5ae923963d803cc5672e36ee8ff41a767c5f5360a72e465e72e

  response round 13

   z1: 653 234 742 444 645 179 579 873 33 894 510 1010 606 438 597 500 246 1001 970 891 964 847 918 476 443 70 169 489 702 907 498 722 469 136 217 647 477 545 38 581 123 565 499 628 995 185 836 304 755 878 767 787 1013 52 775 425 261 383 757 87 941 450 198 486 562 2 748 74 711 997 829 486 81 71 104 667 1003 160 880 882 595 533 177 

   z2_pi: 52170127354f1b2e51391906031a112249311f3b244a442d2f3c12462b3738163e3a0e140a28131e2609343d422a1832230c303602000d33481d4107434c25450520084e40214b3f0f474d100b1c502c290415

   z2_theta
    z2_theta seed # 1: c5a221c9259f7b715d0379e8041d283c
    z2_theta seed # 2: 0f0a6955167b789d208b877c8c1feea4
    z2_theta seed # 3: 16ebca785ade16fea40b7348ff4639e5
    z2_theta seed # 4: c92ae098f601689d653b497b4a619a15
    z2_theta seed # 5: 5eaffdeddf58934774687cf933a2b448

  cmt_1_alpha: bf3698a0b7b174c4901fcb745a4fb33d7c4303a79a489229d3be3a68e3ab4037

  response round 14

   z1: 1010 747 502 942 671 35 581 804 114 507 357 574 305 726 85 731 255 839 360 608 144 760 375 426 731 384 43 460 517 495 656 692 146 531 347 193 747 520 847 118 899 814 135 613 912 318 825 317 248 945 914 90 333 716 20 874 146 786 787 177 78 556 980 297 271 819 697 460 1018 179 749 162 89 81 540 925 17 284 752 977 284 852 885 

   z2_pi: 4d46382005432d0a2308022b2e193a4e3d2635341d1c0b0f0e3642274a491f14333c033f37064f2900073e0945132f1a2a0c4450125232304117112547392831163b10011848511b0d244b1e21152c0440224c

   z2_theta
    z2_theta seed # 1: dacfa8755f907bff133988f718f4370d
    z2_theta seed # 2: 85e3b1e16d67a025558ff1c1b58e77a6
    z2_theta seed # 3: 8483c66b731d506e767127e7be9159f8
    z2_theta seed # 4: 2788b93d5bfb652c9b347e0b2eb8b5f3
    z2_theta seed # 5: cdad50023a5b8d766301a9058d45bbae

  cmt_1_alpha: 5ce4beb9c75df721383f0e76de2d5538df677d6a43770ef222173c39399a7568

  response round 15

   z1: 555 781 645 837 906 793 576 837 768 305 760 993 94 722 764 270 805 429 134 12 30 868 812 208 737 172 474 237 95 947 930 97 386 541 16 271 122 891 272 402 278 595 465 752 403 384 712 346 986 604 818 796 607 78 49 946 403 732 240 100 398 500 790 697 356 541 440 371 168 160 449 703 915 391 195 711 975 331 761 506 187 149 61 

   z2_pi: 432b2501384d2c404e500f48413c331016073d0d272447063549231a3637222a2029034409510834170b1e1b194626300a0c4f1d1c283f1545422d04312e1839111232524a1f3a212f3b130e024b0514004c3e

   z2_theta
    z2_theta seed # 1: e9f5a2bd5c38ebb8fd627deea8f2d34f
    z2_theta seed # 2: df3b2dc5f52cee55a2cf1e1511a579eb
    z2_theta seed # 3: 8e6d58d5d64dff531678ab471079b9ab
    z2_theta seed # 4: a654745f4c68dbed5e274f92cddfd797
    z2_theta seed # 5: ad7e75ab3936ec729fda53cb4a234cc2

  cmt_1_alpha: b33bd5438429a6a1b85b5352de90753e603ff2b21dbbb873d6dd694bf213330f

  response round 16

   z1: 374 266 823 674 942 457 637 709 937 20 595 363 376 661 208 366 4 650 478 942 23 272 576 794 38 300 662 75 779 615 980 876 377 311 771 279 996 520 718 213 15 937 81 180 429 1007 991 251 7 581 54 489 469 927 113 254 668 898 851 949 293 545 581 552 950 732 430 915 471 168 730 819 501 754 917 395 536 929 405 98 319 314 248 

   z2_pi: 0209152c4a24071038032516320f27513a23333d482d144b31342b391a300a221b1708044421353f200b011f3b52433c29181d06194028124c410e4e2a45054d262f2e1350000d4911364f471c0c4637423e1e

   z2_theta
    z2_theta seed # 1: 15a81852e4fb912936acac1af864341f
    z2_theta seed # 2: 82b3c9b43f89d7e39623049a0ee87cfc
    z2_theta seed # 3: ec684aaa358258f4216f8abdf0071949
    z2_theta seed # 4: 1f03013b68ff70e60ee1e663bc5ba492
    z2_theta seed # 5: 0a65524c43d9cc6cdd415fa52ea9e06f

  cmt_1_alpha: cbfd68948215506456693b011d0d0aa3db5123f1382c5612842653cbe0210d32

  response round 17

   z1: 648 826 118 265 455 104 996 33 399 312 687 523 151 323 863 0 297 926 320 390 474 381 621 443 439 335 961 995 839 654 669 95 106 585 802 905 486 972 710 82 555 997 675 689 24 268 198 632 737 53 179 121 84 337 822 617 1008 559 201 837 916 782 550 139 261 1017 192 142 549 648 471 666 563 151 850 798 473 775 372 35 937 93 530 

   z2_pi: 39005111412a48024c4420433e2c1f10070a3301052e090d0c065223311930084e362d343d3c041a1b1626504f421215184b2f280b3a371e4a4d4029321d2b214503493b22461317381c3f0e27254714350f24

   z2_theta
    z2_theta seed # 1: 47717b3aa37330440e3b8712fd353fd4
    z2_theta seed # 2: 9f9bedea8b64a03ee972a626c3899e04
    z2_theta seed # 3: bc968f54fbb29247ec18a3464948e799
    z2_theta seed # 4: 3fec314e45c03e937a4ac56db527d377
    z2_theta seed # 5: 18b2f7444c1d051f1d428c49662b99d2

  cmt_1_alpha: 28cfea01162a780531d798cd12ad4c798f3a4c1172ff54c0470a98f16344bde3

  response round 18

   z1: 407 256 440 584 414 590 182 422 264 682 486 789 114 94 586 199 343 231 713 637 188 605 219 74 267 210 981 366 306 739 577 684 685 500 127 323 203 556 579 451 167 248 878 59 374 933 612 882 320 531 607 642 157 257 125 740 953 155 700 435 286 234 889 798 579 471 750 49 873 753 849 274 889 113 754 941 877 962 258 734 915 344 402 

   z2_pi: 2e322446404218514b384827473b394c0a142d4a3d1b412b1130131917124425311d292c3506212f0e08230236330d0928035049054f0f3a521c163f4537433e4e041a2000264d1f073c0b1e22150134100c2a

   z2_theta
    z2_theta seed # 1: 95d40255e0d7054aa7277577bbd8049a
    z2_theta seed # 2: 4c6a962451895fd400a8d695e8d1809e
    z2_theta seed # 3: 547d2a1e56844365a1cf9c7076191b09
    z2_theta seed # 4: 95d42011183c419b4ad55e4cb45140bf
    z2_theta seed # 5: b2302f13c4c27368d6f3b4751cd0a99b

  cmt_1_alpha: 68f695dac94b2c1a5df1a5c8f1f60a750857ef696d97f7875091bf89c103acbd

  response round 19

   z1: 193 753 20 907 576 627 485 739 829 367 343 139 170 89 943 983 559 264 969 562 828 76 992 155 78 270 737 816 436 484 187 240 661 135 828 704 268 325 277 336 949 877 382 553 914 64 572 261 434 898 11 961 698 924 566 502 19 398 252 1017 787 206 946 96 880 782 265 190 100 335 907 896 696 791 135 960 954 476 382 535 577 1020 172 

   z2_pi: 45421b4e0e4c1f2c2f370d4303302349500a4636181522474b0b3b3928412d0f310735292e170c4838202710113d3c141e44061d2552004a4f1a3f1c2134133a12090402051626192b33243e5108404d012a32

   z2_theta
    z2_theta seed # 1: 6970431be060ec8d022308aaafa7f738
    z2_theta seed # 2: 2199e914d999533c444dd1041dee6b6f
    z2_theta seed # 3: eecd60bc944c07200902c993bdd08ed8
    z2_theta seed # 4: db2a8d44cf1dfa2014e3a2725287f5a4
    z2_theta seed # 5: 4edc8a3ee8cb9c2c63126005eef688b4

  cmt_1_alpha: 61049e0101643c6a0409ed25e3c5aad4bbe90347603d2f21ea8139c8a052f6d8

  response round 20

   z1: 431 57 814 971 822 965 99 152 278 51 75 433 806 560 131 262 587 858 633 694 775 189 255 92 994 392 760 60 504 225 937 507 52 729 163 917 383 385 621 1015 9 377 133 133 28 173 634 540 824 571 596 129 464 937 9 889 925 716 229 825 83 925 292 370 610 777 146 259 0 924 949 335 71 191 583 748 457 599 474 400 529 349 973 

   z2_pi: 2513210039150a441c1e3235370930231905412618402a4e27074f3d0f01204d2f221236333e1b3b170d381a294c142c102d1f2b420e2e494651031d3a470216062450080b4a3c43283104113f48520c45344b

   z2_theta
    z2_theta seed # 1: bbed9635f0914a06efa3ea61e8d4e133
    z2_theta seed # 2: 0b31a140ddc8c6c320304332a4eda759
    z2_theta seed # 3: edf42549f99671cb47144a0b144e1131
    z2_theta seed # 4: ad96a3066f781e3b6d7856a27fec65d8
    z2_theta seed # 5: 8c9665a2a114afb8a100859f3d062a83

  cmt_1_alpha: 5ad43e57349f0a17edd0b15978cd1dc500bcb8632d2d7416bcd747fafbc4dea7

  response round 21

   z1: 138 651 642 826 704 626 29 712 457 472 154 128 526 429 680 131 333 260 724 47 221 542 374 750 540 947 431 148 45 256 991 462 996 424 218 602 451 720 350 513 611 372 4 77 933 585 458 662 718 90 353 577 995 777 555 975 600 835 338 898 713 223 1020 957 191 809 74 689 290 727 737 817 638 947 597 904 741 562 531 768 735 235 489 

   z2_pi: 1f20494000070f3b0129440d30371c470c111d1b0336423d511e2a052f140e121527213f41324546084d13162d2b43344e170b3e02192438231a4b39502c2831100a4f33092e3c3a484c042526184a22520635

   z2_theta
    z2_theta seed # 1: a3318e73eced0693ace9c737c9551794
    z2_theta seed # 2: 98f4ba61eb1c7252c8b2886cb48da585
    z2_theta seed # 3: c3ee7e3584f379b724485d3561a66b18
    z2_theta seed # 4: 7a399e053af496f65c8eb2cbe317dacf
    z2_theta seed # 5: 61a1a81e652ad313b6ec518d9028b044

  cmt_1_alpha: 7e589eb022a53af5bf86bd14f7172f4ca516b7cbe2ffbdd0b2a4214d9f31538a

  response round 22

   z1: 847 675 290 63 189 865 374 806 400 324 1004 218 746 392 223 845 294 67 764 628 509 901 894 367 706 880 480 380 804 775 432 572 682 249 706 601 450 206 681 173 454 597 641 794 828 329 546 535 210 468 270 53 385 991 928 969 757 691 971 1018 430 853 169 527 929 853 19 796 126 181 238 825 679 894 564 124 970 56 635 965 591 382 813 

   z2_pi: 1233203b1714111a01034d48251934304c4f4e1c45273c282b2f1832361d37390747511623004a1531082c092a5022400649050d0b210426421e1341383d3e4b2e1f460a29443f2d0f0c3a520e240210351b43

   z2_theta
    z2_theta seed # 1: bca4600a6ec204d3d45fba11fcbbaf8e
    z2_theta seed # 2: 668fa0c0c45ec295e0dd7c8f596c5264
    z2_theta seed # 3: 65dd8f1fdb99251e5225d3dd258d5451
    z2_theta seed # 4: 27e10f1dac5fcc00915a737c3b3b77a8
    z2_theta seed # 5: 790a196cd8e021c7d3541871e706d852

  cmt_1_alpha: 62193de2fbb4662ca0b6e101600d9a7d9dbe485f2ab25acb09879d349b7ff175

  response round 23

   z1: 90 978 304 572 794 748 606 684 24 819 916 804 721 46 277 1009 293 419 667 647 710 973 709 5 426 934 584 641 232 935 400 986 578 435 343 66 793 737 345 449 883 433 146 235 283 798 327 179 380 370 656 261 724 744 282 268 507 230 40 99 301 870 150 500 392 772 625 123 66 654 106 922 455 936 857 897 902 994 63 962 591 863 155 

   z2_pi: 3b0444081c281e3a404a424c1546271d182d50514e451336383e32202a482f43330a1101060e313017353d1f24002b2e390b3c26340f2c4903021b251652374f221910210941123f290d0723474d05141a4b0c

   z2_theta
    z2_theta seed # 1: dab7005113300f11728353aefdccfb49
    z2_theta seed # 2: 03e480cae292be823427fe4de16bb43c
    z2_theta seed # 3: 06cb5335e696b1dc033722a0e2bae1b7
    z2_theta seed # 4: e6d1d2118e30e7a2ee0b80a35a927272
    z2_theta seed # 5: de877b4b979e587c567e5e964af5264a

  cmt_1_alpha: 979407b8c48cc787fd7bf4030ad3bd193a4b1c444afb30647459ae4410f58b01

  response round 24

   z1: 423 407 1012 749 448 69 685 79 771 289 695 377 969 920 93 133 580 768 784 312 964 29 458 19 710 830 157 467 299 7 753 480 378 715 227 97 193 6 240 338 371 880 769 838 247 524 383 795 339 934 656 143 688 647 533 271 968 306 330 924 521 8 717 631 469 964 20 674 753 982 674 83 857 158 1005 662 82 545 287 279 84 748 333 

   z2_pi: 20014a1a21190a3e3a1f2c1229270d2b4835423b13514b3f05222f172343463016320e3850371d3c36152a024d47392d244f491b0c14412531063310284e0b440434404c521c2e2600030845071e11090f3d18

   z2_theta
    z2_theta seed # 1: cf7ec64dc62b8141e0e55d1f63af59a5
    z2_theta seed # 2: 9ec5e42f8c5eb06593ac7b34d4e2d488
    z2_theta seed # 3: 2014b5acbca8a8547ce7545268a175b4
    z2_theta seed # 4: 3b001229dac20846378443c54a454f62
    z2_theta seed # 5: 296ae1293cee4b5e6d1c75ed5faeaae2

  cmt_1_alpha: 69a9d9c19791dd28736187d2e9dace3bd11b9de9d816f2854ddd2a16827d9ca9

  response round 25

   z1: 405 553 330 465 321 156 343 594 778 93 224 910 311 984 986 865 910 290 960 411 565 673 320 919 669 696 47 180 927 835 423 145 12 273 457 968 465 619 632 108 25 866 897 809 684 955 877 529 900 37 749 522 242 459 463 511 135 824 296 142 352 273 68 754 807 818 497 884 967 978 394 285 544 120 636 971 557 713 803 1012 629 474 160 

   z2_pi: 521d39030c100f1e02063e120b082e453004174a0e3651324d2f283f09152b3550164413484c251f29272d423a2c331b22213c49431831261c3b414f2a1124140d4b3805204e3d47073701460a1a3419004023

   z2_theta
    z2_theta seed # 1: 591fcd986b7ad8ab72331f96f41eb44f
    z2_theta seed # 2: c49f4891ff0f26378c912dd87140daf7
    z2_theta seed # 3: 068091a6c24c02020176f49942d3265f
    z2_theta seed # 4: 4e7ef095e9470f31e510c505d07611d5
    z2_theta seed # 5: cc0d6ca4938902fbdbf55c3637023875

  cmt_1_alpha: 14d968c8461dfdb37cd4b4fb5a2d17991b0e9889dcf9d317402f3fe64f41a5f1

  response round 26

   z1: 539 1012 405 935 170 776 407 834 159 934 302 547 10 806 639 539 247 864 141 888 265 290 686 240 12 981 160 660 804 728 822 574 261 798 680 631 587 267 754 925 916 163 510 917 432 410 143 417 117 299 697 395 97 486 387 428 454 684 456 537 112 219 461 767 320 716 67 150 254 132 393 229 688 527 502 889 686 411 163 745 641 472 972 

   z2_pi: 2f4a22110b373f4d0e300507134336190f3c394651323d091823153b00261f2b3e4b2c0a490d38294e271c10253334082e1e52314f0435442d3a1421201a062a504c160228031b011217410c45481d24474042

   z2_theta
    z2_theta seed # 1: e761c77c7a9a208f558a0b1db08f504b
    z2_theta seed # 2: c72bd2a7a9d5f66f0fb61fe1f4f8e3b7
    z2_theta seed # 3: 640df890b9eb994f89746efa8c1c5bd2
    z2_theta seed # 4: c7bb4f2ca86c7272dc888952b02b7c7e
    z2_theta seed # 5: 775c9cf218a03dd34b1fe5670a6e50e2

  cmt_1_alpha: 82f5955078cc26bd00c137d1fb5266074ce25865a558b8ff70395e6abf782512

  response round 27

   z1: 820 681 588 733 730 406 257 228 818 502 797 456 692 409 835 244 946 554 123 51 456 1010 452 889 393 376 835 659 530 461 871 1004 871 289 192 703 433 72 452 736 634 417 8 808 416 780 402 867 580 767 989 229 830 545 246 197 190 395 681 25 892 566 13 762 681 96 357 898 980 814 946 128 911 879 643 855 740 914 171 501 973 725 640 

   z2_pi: 294f1d080524303d34424c0222090f4e2c2a131f11203e484a030a35230c152e4339492f0117471c2b064b1e193836503325103b04313a001418400e323f4451124d2128271626370d2d46523c071b0b411a45

   z2_theta
    z2_theta seed # 1: 10647e0413728fdfb6b2fed9d8a47c8a
    z2_theta seed # 2: e658d942d9a42c5d78e5068b0d686b89
    z2_theta seed # 3: 561beb70f2480a7a673c6a37505cf843
    z2_theta seed # 4: d4fccd3bbf809bb3bee4a1a402524630
    z2_theta seed # 5: 45083176092d2619ef26a7893c5eb9e7

  cmt_1_alpha: f5277611dc568cf47cbe5b70b9329b2fa40f29b73cf7764c6aeeffd05f51f855

  response round 28

   z1: 550 792 677 411 345 997 629 75 911 291 325 175 669 109 548 702 578 902 935 503 446 539 871 747 30 229 983 592 705 516 229 189 6 966 750 845 993 647 12 37 712 708 58 801 440 937 634 774 199 515 959 360 601 719 949 198 252 290 52 12 822 741 207 336 721 698 782 642 364 889 398 312 169 844 779 149 574 276 210 970 73 903 739 

   z2_pi: 2e491e13114e1c181207164f102d293417014138260633210a1b0f5004443f3028033514083d4a0c0e40233a52464d3b1f252c473e32193c4c270b37481d451a2f2002002a2b4b2415420d0905223639513143

   z2_theta
    z2_theta seed # 1: 4e6079e8793ead8e17b5536aa10445c2
    z2_theta seed # 2: dc039f78b37a9b6860b6b83b99843c1e
    z2_theta seed # 3: 40cdde54378d6882f3d6e6ac45bbc31b
    z2_theta seed # 4: 4f08a7a16c81e31474bb6360d499f119
    z2_theta seed # 5: 7b01035d494bc4f31647fcf7f1bd3fa5

  cmt_1_alpha: 879059cb917e4e6cb058f57f6906d93411c2026627c3c9ece0a4a7d74b156f9e

m: 0000000000000000000000000000000000000000000000000000000000000000

sm(CRYPTO_BYTES):
5e2cab5b5766a64515d7c7ad3eb675c0fd08eebbebbe669bae6001865438d89e
9bc42b03b7f2fb7806502bf9721415143d40844abbf1598859b2345fe3a3e10b
33361819cf6cbabe9028484a68acd17584bd5f1547f1ca964211b9918f5bf520
f8232cc12d9837b0cecfff61468f932808d793f3b21da53abca7b02fab8b22a9
0cba288d1f9dd662e167a1bca800844e7bf52815cbe6a23f788e5cacc56641c8
aea1a9266a6e05c7a65a9b55b81e45271f9e648841ce43a91f3b49f3b72e93a2
9429a81c9f5e34ba82192fd6da7e5e8f8fdb2d0837089014a14e27d1b995ff4c
23a215b8bc03b22b783347fce1b4a347c445d0908cc27250c2f95b8fee15b4af
65e8e7c6ca055e1138462b8091af8bafc1b3666653adf034bed633f9c56526e9
73ab35ad374f27b4b89a7e611c51367a1039eaf6cb080ce5fe67bdcaa75866a1
7c6303accf84037d3c99a60d9ef328635846dc001fb14328c4c9d35cfb9b541d
3cab82cdc64af1e5cb0d4fda60a53b799f3aba1b0d3c72103286765d935e1ec4
40558a04ddcdea269ad9cfb3cf3f219aace13069c0e0287ffaef1561c474a5a7
778bb5d82e230a4130935a1270c9561619cac60bf360478412b9b4ffd5bd9b77
7981ba14be0d52415a7ec86f1d8dbb0dd01feece5543e7f38c799276942967e7
8b05200fca6d5c201a1bf671ac667fa35b75ddf06047cbe6b052b19079440678
c2e3fa3f3788cf581d86e625d221dce0069aba15e667dd88520a56721e0507c6
5262be0bd60ee2733d4f468129fba0e6003f34624bfa1e79c7e514ce855c65cc
01f3b753f1251786fe7130e528165a1fb4920e1053f64cbb5d8cd19847d36baa
a86a14a656cc2d26c651d1cd1fedd1133b95e52e6c456b74d81ff285f76d7967
9d3ca4f50fbff6da5bf5d525e6b450e3376d6516147f2fab29ea0e6a3f51f8d7
8383dcf973e96ff2d901ffd6be493cc76f27b8aa47000b03810b75562cad48df
c11e8f02a449e2d11462cb5bccaf930f9ed68e6ea14e6892bc5189d14146c344
de56952ad8da72ee1ff2b173803e6ae0c33d3fc89544101b2b7d7501c7dd6aee
1c2a98234370bae7dcd34f66c6404526a874cd8258f194250fe8fed7e26e56e5
1cf048005e31288cbae32d39e4223d9ed34668270f97a992a4fdceca21099cb9
3fa22c153f62b177c18416352db80c53cf2db3cdcda1c3fb724b703cc9259fc8
a7b12cd165ee401c0d23cec7d7443bd90a53557913f3740650de0bccbbf5daeb
efb155de7cf6504e12ad3fd266310b9d25fbe188e2e84ca407caa14f157866eb
013804ed4e9719a07e19872734987afa70e4443702e2a767a13499a9feff4f69
d0c402f9334ee62f435a893065c8977d695ae4d5a1ce993ccbc0c87867cd8507
298bf509a80a9b3ca03011907c14168f04f07cf15d72cb92cceecadcf5f660cc
a05d9a2e4fbc438dde76420044ee9af951b8e3c4f235835e6d2759ed1f6d4e34
1126747a87e70a1c806b39bec43eda1eba554c25d9a303622258c68f5c06f2e9
78f8c643a3a7da1cb417e56468b52803347f75f9c26df5280c1cb6951db3e977
e2236af7ae4c2169a87c1a317effbafd194ec41f42a3f2a3becb38b6f5d6df83
fcf64c66f4ceb558ba61f001710cbe226985092a751a07fab01cb121b7398ac9
2c5f3a2221ef34f96f5566719ad3caa1a9642d41c4f1b7a556f83ec08810c58a
25b8a822307128a66e0dfa3f9919df9fd8c001db00efe2562d12646332e340e7
4ca89841017fddbc47f04a0b0b9947090298774bd9c8d899e447d2e0462d095a
f5a1ed8843b8bdc1f7d877937e59e7f9cd58e0bd061438b45fb5c65d01451d84
6215173ca4f56c9d12cb6cdbba06b8eec33f60104a90f5ae923963d803cc5672
e36ee8ff41a767c5f5360a72e465e72ec8aae4ed4962e1e9ecd55a5908bd5f2f
2ad4d215e73447077c0e49e542c830eaf7cedf8b4bfdf981d0af12800ec12a0a
a8046728e322bc7799ae47d26be59557ea6e395af3834def2afdba0a4524007d
bf3698a0b7b174c4901fcb745a4fb33d7c4303a79a489229d3be3a68e3ab4037
c5a221c9259f7b715d0379e8041d283c0f0a6955167b789d208b877c8c1feea4
16ebca785ade16fea40b7348ff4639e5c92ae098f601689d653b497b4a619a15
5eaffdeddf58934774687cf933a2b4485ce4beb9c75df721383f0e76de2d5538
df677d6a43770ef222173c39399a7568dacfa8755f907bff133988f718f4370d
85e3b1e16d67a025558ff1c1b58e77a68483c66b731d506e767127e7be9159f8
2788b93d5bfb652c9b347e0b2eb8b5f3cdad50023a5b8d766301a9058d45bbae
b33bd5438429a6a1b85b5352de90753e603ff2b21dbbb873d6dd694bf213330f
e9f5a2bd5c38ebb8fd627deea8f2d34fdf3b2dc5f52cee55a2cf1e1511a579eb
8e6d58d5d64dff531678ab471079b9aba654745f4c68dbed5e274f92cddfd797
ad7e75ab3936ec729fda53cb4a234cc2cbfd68948215506456693b011d0d0aa3
db5123f1382c5612842653cbe0210d3215a81852e4fb912936acac1af864341f
82b3c9b43f89d7e39623049a0ee87cfcec684aaa358258f4216f8abdf0071949
1f03013b68ff70e60ee1e663bc5ba4920a65524c43d9cc6cdd415fa52ea9e06f
28cfea01162a780531d798cd12ad4c798f3a4c1172ff54c0470a98f16344bde3
47717b3aa37330440e3b8712fd353fd49f9bedea8b64a03ee972a626c3899e04
bc968f54fbb29247ec18a3464948e7993fec314e45c03e937a4ac56db527d377
18b2f7444c1d051f1d428c49662b99d268f695dac94b2c1a5df1a5c8f1f60a75
0857ef696d97f7875091bf89c103acbd95d40255e0d7054aa7277577bbd8049a
4c6a962451895fd400a8d695e8d1809e547d2a1e56844365a1cf9c7076191b09
95d42011183c419b4ad55e4cb45140bfb2302f13c4c27368d6f3b4751cd0a99b
61049e0101643c6a0409ed25e3c5aad4bbe90347603d2f21ea8139c8a052f6d8
6970431be060ec8d022308aaafa7f7382199e914d999533c444dd1041dee6b6f
eecd60bc944c07200902c993bdd08ed8db2a8d44cf1dfa2014e3a2725287f5a4
4edc8a3ee8cb9c2c63126005eef688b45ad43e57349f0a17edd0b15978cd1dc5
00bcb8632d2d7416bcd747fafbc4dea7bbed9635f0914a06efa3ea61e8d4e133
0b31a140ddc8c6c320304332a4eda759edf42549f99671cb47144a0b144e1131
ad96a3066f781e3b6d7856a27fec65d88c9665a2a114afb8a100859f3d062a83
7e589eb022a53af5bf86bd14f7172f4ca516b7cbe2ffbdd0b2a4214d9f31538a
a3318e73eced0693ace9c737c955179498f4ba61eb1c7252c8b2886cb48da585
c3ee7e3584f379b724485d3561a66b187a399e053af496f65c8eb2cbe317dacf
61a1a81e652ad313b6ec518d9028b04462193de2fbb4662ca0b6e101600d9a7d
9dbe485f2ab25acb09879d349b7ff175bca4600a6ec204d3d45fba11fcbbaf8e
668fa0c0c45ec295e0dd7c8f596c526465dd8f1fdb99251e5225d3dd258d5451
27e10f1dac5fcc00915a737c3b3b77a8790a196cd8e021c7d3541871e706d852
979407b8c48cc787fd7bf4030ad3bd193a4b1c444afb30647459ae4410f58b01
dab7005113300f11728353aefdccfb4903e480cae292be823427fe4de16bb43c
06cb5335e696b1dc033722a0e2bae1b7e6d1d2118e30e7a2ee0b80a35a927272
de877b4b979e587c567e5e964af5264a69a9d9c19791dd28736187d2e9dace3b
d11b9de9d816f2854ddd2a16827d9ca9cf7ec64dc62b8141e0e55d1f63af59a5
9ec5e42f8c5eb06593ac7b34d4e2d4882014b5acbca8a8547ce7545268a175b4
3b001229dac20846378443c54a454f62296ae1293cee4b5e6d1c75ed5faeaae2
14d968c8461dfdb37cd4b4fb5a2d17991b0e9889dcf9d317402f3fe64f41a5f1
591fcd986b7ad8ab72331f96f41eb44fc49f4891ff0f26378c912dd87140daf7
068091a6c24c02020176f49942d3265f4e7ef095e9470f31e510c505d07611d5
cc0d6ca4938902fbdbf55c363702387582f5955078cc26bd00c137d1fb526607
4ce25865a558b8ff70395e6abf782512e761c77c7a9a208f558a0b1db08f504b
c72bd2a7a9d5f66f0fb61fe1f4f8e3b7640df890b9eb994f89746efa8c1c5bd2
c7bb4f2ca86c7272dc888952b02b7c7e775c9cf218a03dd34b1fe5670a6e50e2
f5277611dc568cf47cbe5b70b9329b2fa40f29b73cf7764c6aeeffd05f51f855
10647e0413728fdfb6b2fed9d8a47c8ae658d942d9a42c5d78e5068b0d686b89
561beb70f2480a7a673c6a37505cf843d4fccd3bbf809bb3bee4a1a402524630
45083176092d2619ef26a7893c5eb9e7879059cb917e4e6cb058f57f6906d934
11c2026627c3c9ece0a4a7d74b156f9e4e6079e8793ead8e17b5536aa10445c2
dc039f78b37a9b6860b6b83b99843c1e40cdde54378d6882f3d6e6ac45bbc31b
4f08a7a16c81e31474bb6360d499f1197b01035d494bc4f31647fcf7f1bd3fa5
3c501af6eef03236808d72606c969894754dea4b483a1deeef2d82966c793121
f86d1bf083556c686119386e9ce8ce5f7cc06d025fe76237a01792f78ecab46f
45402704926f710a2e0ad405f5980ae368ed377b51589f422e5ffa5914eb11b7
54da9c64d9647eb01db16ce061a01307122a89b76a3c5a1f6874eaa44c0b5e61
1bb34bb82081f40de9646afa8b24997225e74c54a3e9785342eae52984495060
843de6364cde273c19261c92205bb1046d5d19efcc618dd288148b9afe156edb
7e3ec7296fe9371be86696f46ec4f78de8ee9449f71bee0e45109a99a488d198
9753386379b2ba3531d53d59482370c00b654290c7603c3507dce7a733451a60
ae3379cd3bc1417386fa22192e1f49b8b0f2d806ae4d6f6bc9de72960ded8ee5
0e49450ceceeb42c31d39aea7a24f566ca38757e7f51f66cf8b4c237badd9fd1
50119ec94f655dd49900237b2e270e4a83e4ee0d5780f6508e02a0b9b5cc32f4
29b975e99deecea6113d950310c336f3b0715f9043eeef700c0084c3a69de5bb
a05925dbc573506ad6594f69e8f92538e87580193b20569e500f0d248a071c92
9c442507b51feff80678238e205b07037c229d47e3b0119908df2168f2ebb75c
919281729a3dda662a0e30401608a8fb869a9bf8fc99113e5e42823feb18b626
6ac9e868f05db8aff2bcfafd5e8cb7b0c288859d843cdc9090d95959a644cc43
aec9e1dfb0373e6b6cfda7ac835b3eb378935e2bdafaa42118d5ae65aa0eaed4
5bad56f745f14aaf8f468ce8d67976b338bd9ffd090788a1fbf32677b5941484
c193ad76ea354c689a12f3d9f582ce7046f1ce88159309c4cfaff0b180b5e00e
74d6a9d8379028c0a5720970c9a3f508c826dd16d25d457d07458820cd1a3581
a9a712d6ac630e7579aeeafc2530bc4c23443966277625a29b08e9f44ebb885c
0a2d44a9acc2262d8edf275249bcc4a4f0f0f342046f09fb6e9b32d281972082
c0289021b7d655e85568f0592e15a438279357e96ef8c0eaf4b80cf356011f3b
3160d405f238e0aad36c15c58c15f8c08130d53fe50d642be07645134c18824b
4f7c99e6a090ac059ef2f21b2bc1af6808b18507c1808daed206d47d662f9bc7
5803f46ad6b12c45da1c421936b6741f944281c0f133a9f90ce5652edcf10057
11d6a400d17f13047f55ca69220b6d586b70a37bc953454cbbbc2086e20579af
0f3a96810d53f186f2b95969990ea24f0100c8ed52219891f39a5b1936deeb5a
341edeb1006f30d8fb748660e38f6126f02bba4b54a92a33e18af2ad08eb18f3
3ca8d4a80b77d28e3a041401bd1580f5ee841a5b6ccb73602490dd73c2e490da
bd99a402646b35786d749cd3b04e235b5c266e0c180bb69902124e3246c11243
a9c5188ccd1e14fbe5ea89e505e2d2ae40516acb64a183d58ebc8a9d617d5ebb
ac3b45830c33c0a092abc8399ab39896ad63fd505c7c91029f4d5f618c0388bc
33631f56e1ff942a064ff8504d6305d17943fd2307b50856905d1b99f5b2ff9b
a5690747e372ebfb214fcf3c103dc444ac612eca219b68c13282bd256a3e5fd3
332809b12dea3452ba8651d685067947839a72b1db71047935aaa7aa258e4c97
a37c84a182b201491c95ac50229a37a3c4f8507cd8d9fd2c51ee94415ad257b9
6b41a87460d7a8bf2d7292c072fd53485394888bb89824d80640caf656a0da91
53f3eebe2f6cb97ea8f69022792e588b02675d8b4f7fe09c36f1245bb18daa63
2e6f85ce3264da21f8ed9ffc5eda56257df6a4affcdec43f6d3977bb19914a7a
be2e2e9fb4d52192cda1dd856842917bd4381f9de3e742344cf3bafdefc4f5d3
70706a05fd55ef15ad0b678c79320ac0ae12c796dfb379511c81c6a6eb8302b7
dc5356188bfcebdae7faa7231449b21cfb95e5634cd656b1ed3f47a3052624f8
dea5dab680adc05c81ef414aab24136e15ccba083e6dc7e02e1f5226e43ee5dc
133eb14bae4553cc52a0b624124f1c8b132c529fd24333e7ca9cfeb3b42b4a16
5170d879041cc11b3d4754d7bd62c38516ad78c640160d704cf886ef85b4fc3a
54726b8630e001d92c43132e2bdab5f3c5eca287215887103ca4c7de104966d1
94d1c13b1960c86aa53d973273fca51331c83e19b7f090e1187d16e74a5687b8
cd850a28c1fd3af961c31cfbfc52f9eab74b253dd8a5d0cda2ba9e5c9fc5a64e
c1946be15529346e11a0a877ae5f0011901a9bc092a54b2c7c26f56ce775d3c0
17918fa0b3d53c907a14b4b4f6fef7fb1c50a40de955f7791cfe702af8d4b597
14629128dacead6b935f878ab633d7276fe58b61187a6562fca4133e88ea6c47
42c7a1417e088fe1f4ea82970cf5350029790e9461daf5d5e66eb73d15fcf847
3bdae9176a242972e2e6316fac142b963f6aac1830640c9ee1d6304b1e544465
739af0bf984cd1943b6ce22205e50f8c2325227a9da6335e22b5c7d91d4cd708
a97721e16500e186a4674eda621a42aa9a57b11c5e2879cc55e724db272f5d6e
a3c442d254ef964ce306c96aabf4fd31d4322c0e39dc29f8b8bd835da5932937
50137e29682701f5416eee9bf03a9b47eae4edf190d7b91b43daf1462d51de71
c8db7adbc20be4ede45849164cbc142c0ee49ce58ddbf35b572da24a16af5fff
2242c9cbc83313e06fe28443e1c24c1b79bbc053e9213c03cb50511541557bdb
7ea52839103c16249be00b04af2be736da378163fce43fb133b28301b7c309f9
42c6538b038eebc58700af3b777e5d1824ffacbc9683cbcbdb5cfc18985834c3
12b1990ce320062da9759eb61edccb3f5c888f18be3ce0174eeafbd190ed2895
ff15589bf7279057218570d08a9e1ce2bc23958140977a027977ce6c39394fd1
3949728999b0240301c079ed4f1df1cb91ec2677a5769045d855f38a2c2aa8ce
c0cad901b2c961a709200eb686ea204d1144ed0bdd786897bb1ccefe1a252d00
f4bd73e4a3a68d96c341eb558063d2454013a527a99ca5ce6a115690e327bce2
f3580e2d95e0c97ec37fefbfa4ac44ac225d1b6ecc7ece5e25e2e5ca3821c0df
ae93ded3a38af4432f61db65326444b1af8dba887dd3b44943f04b677f85fbfd
96b07083c717c907c3c6a3aaf9089ba570cea4da8a715506aa31cf498978a134
d439544360df839e7cbdb32eafbf6b55a7f260e8554fc0b11fb5b893f3a97ed3
c887f238ec59fc937eb5ac85f430f1a831bb5eb28ac1cc94931cad0b15c55fd2
689b1e6a6cf3c516a09ae948068acee990692fe46c57099171b8590537776c92
acb391c747cdc2975c9016442dba1a31b49f39288cd192d996d08718c171ee21
84a36a687e1cea59076eb8f83f08ffe4d79b9c7619fded025744ab4f0c1cd2ad
79258f791785100930c43811df81721318eb7327d3ad7440bce0e9b5ec386104
63003c52cd0577c046dfc3e05f1b4f653aa48fc07a68850f212f93529c278840
b37756473c05a2c66bbda85364ed49fb964a11e2471751c16e5395a5a8547441
717295940a77018ee33761af7dd88e8b04fc6635860ad4e59de2fa022d9f0f7d
5a240c44941cf2d1ad89271b19881d78caaceede76848497d0ae82f22cf7dc7f
87e08c922360454484bc27cb1c1fddc74baf584720e2c1e7f22d263b32fd756a
07ca86f45776ba2a085f26f427a6bb34a20226ffb9e13d603782774222b90a0f
03d5834229c9d8daec63411ea37ae7920bc9db39e5a3f857396c9a3d125a1d2b
e5ba5818e60dc69a71ac2297211cdb34f72f50cc0e61893f8424560eac0fda97
b7ab9b8d926ea0d8314f73aa4c76abad65019123b37d1d23476b6643d323bb8a
7bcc809cfcc4e59d185e434f2a617367b37f7648c0fc1a1b12c481ab676808a0
0c1ac3928d4de4bfdd97e37388f614e3cb62a966c0b78d0de89b2a1865094ebd
cbb203f2f8db835e4daee4abd4d77cb5809a8871a99b65557e9d4b3c3e5251af
74da0689be0a69f8e9f7f9b6e1d9eb7a50cef550064b6039bd1860bcbb4d877f
280325204bac0e21e396ba9e061f33e0ef6865f96cedc6f023120d0cd85cee33
5045ababc382b295b76338a5c2f4c295f8489134ca2771f8b865732ba867cab3
91f559aa9cc08632b6ea2235ddc75e0ebc9ee4deb4f0596f84f597d40d08e981
566efeddbb1fe496ed9a0c4f1e81f427aa037738719d005c084fff47d9c997d5
504c905081c98260f1ca20a9084c06daf41701a22bc56908a562c92e44e982a8
60c37587f3036fe412112a50ed3761227059cd7e8c0c51cfb82e7e9856a7692c
3436e2506247d36fbad7f744884615ee5418bb06196d24a33758a32b76965e6e
e843ddb40c2ee9ecdc1b756d42ca8f3a4872ee0cef34594336b1e06b3705e3e8
ce9fa03cf0794bee3e41621aba6a4a05876f1e7a2d3d29575024d9071d8df3a7
c91c28a1c49a8e8d0aec14b15b64722f51f9d0d05c42671f6ef9d7426c403536
fa041a436875b5a196dffd24432588f13589f0245cb847bdc5e7c64cfe3b3a3f
00054be58dc0a779356f47797db41a61a7a9ee8382f4c00c4dc0599e68795d3c
1c7baadf5699ee36b18118171a09208b96e373c71d13e2ce2929d0985ab7b707
3d767519e4ef7642e9016b7da744033bf890cd5072dab103a28a514960c566cf
95463c60ee9b6314f5670a932d8c9bf8c00a120f88af38e74287f2b2958ea970
710cc3c78889d6676b054b68cd9661dfd338bb9d9be4bd392dde5eaa186ef46e
46f4e1b580fefb09830c7a763777208f40c859b9e5da26136ca690cdfe313bd2
cb8cfe2d54403877f59085a7ccc09bd9cba6dddc32c90daf3c98c81c2fd1f490
c6564256a0ba022dccff478e95e718595ef5df3fe505ec4e075e4bc23664ee07
795aa978eaa38e3772fc0c1d243c1788d0757ab19ad295c3790cfe47c9e4daa8
b96e96b4f865921936399867947ad1a1d02fc74722fc41b88f99a89dda5a4b46
af3577ffb06a61414f35bc6de0425a015c9951b4f9081e9252819207fc4925f9
0287416f51816ceddfe48d19839f062456d069e6008785393872974ace513a62
1486418d24c5c66e31209faa5f0b11c75357cc9f8ac8ad72400aaed1add490bc
97dc829139c625eae50d8b0d1a14033a7ab09c1b07d3b928852e1829c9e6b9a4
ca952e834c6fa7db8bbd699796e5244571d7674244cd4d4f0d526742f48e014e
d978295f92bfb8a0404f2a4a0ed70f686c7c03410a9251005c79e573dc5cd47f
3b78a0a1dbb6bf8fe016ad1127a9800dc66e8aa22de05175c58193fe88528ba3
e13e15d430ad068f356e11962900f6a39eba15fbfa0c172dbaadbde26c416e2f
e309f94586936d3fc54305c462bce00af651e08a2ccd94fed8276a7745bf2c01
a9142a27f34e01d3750967426f477f498d7954b811662327b9f6b35de290306f
25821a77353e42abadc3de1f50daacd68d7fe5ac3a5d18c533796663e23b1f25
c669ee14ddfa1de450b27e70a65a6c108548a06271a127ef56862e2842cb8c41
8759d4ab9dfe1330dd7070b53c583b305a5300cf82a61a8b5b2d8d908db9e614
46a9d7956807683a17ec7758fead32d04dc1afa95352d008ca29eb9622f10e44
6adb82335c920c19fefda150f1da55563960c9143c7e40835dafedfb2d8ba311
c4c04d822240d93e02184ab34e565594747d8cf8e0a53b76fac7bdd161c5b555
1d992a5e53e1a0fae21404a1564a4a7b3a7b050a6a33632b8b5e3562eec84514
7a983fde5a6f4b8cb77941faf72b1e3a6709ba368a15f397c524c38df0055159
1c3af609c4c55775a3241080b32b850691606f80ba40bbbc7bb88df5e52b9c9b
771c3667ea2134f50e464e214554e0ce9553f1e9881057c65bc765b0121d038c
a3f239819e4b172a4dde519e810b820f3cca90f0356448ed6247d35a9702cd1c
1c4a362ece74d88ebead25227804ae790f96a0350ded0c89e44d51a877123aaa
c35c26d6d7d581e5f82b04d27d202388b8f910ab532e33dc588eee8425f5d74a
b676a299ae396b623825b281d94cff92b6762bf67073c4cc723bb2d5311c6bec
e7b3f4162519baaecc887a1ea52a8afcc422e5e891351094026c8366897c989b
4834732b0a39183a50b1955a9844d7bbdb0bff54a3f7895ce6dc7c15c19c8c11
e8a708f89a1d11e3120b627d2406adcb6ce26782bd83bb98cea9d9b902477d0a
369095a97734500c16274889b4be8ec5594afd297348fc3009acdcd2cbbdf776
ac0179121173e5c8220157f0826036bd629d6f414753e7fd9b1da9ae718b6377
4915cbda0d074f33ad024dbb3a8728bd7c7c2e97ece5b49b6e5e7580408565ec
1bb31f8f82c5d314cecc76143b8a56b3fc3c45dced57a48f208e85b0065a0bd2
91a0099816bb02c33c955644a88e026bd9541e42d26c0b388c1936b4c22c8fd3
d0c9ae9d66c980e40dc05e58df2deccabed8c4bbccf32c6a6cdaf480931896b3
a6f503e39ec95db313bb247f046853a10f7b1f5d36a7c8875af333bf8a1105e6
a4350f159e1dc0b0eeebf0a3cdbdb372ff2789b62769a03cbfdfa6d2020a9db0
6523943802927081a9cac45b27aca73432dd7ddfeda2958956b40b1098c6de86
77f92a6a3966acc02ab748106ca2cff0027da82371ad92a715af69ced427ea00
42c452b0ac2f27d9316efcf0cdefa7d16545fe284b71b05a351813c56686cf7b
b9744a68db5236fa583ac20a6e50b340ae54928b208d4f1c9943c7da21abf34d
587e44af0bc861fec2a0901a10bb446d78a8c972f098b3fcf702





### SIGN OPEN ###
Done

